z, snapnum, Lx, Ly, Lz, bvx, bvy, bvz
9.372951726659899, 148, -5.312159003520731e+27, 1.7158040696545917e+27, -1.32638911270836e+28, -65.26756169423298, 78.53213447307978, 44.90330880315873
9.341562229282356, 149, -6.289905624866636e+27, 1.4155262533635554e+27, -1.3514243538002306e+28, -65.37935053878421, 78.93254304105625, 44.78667585758041
9.310267719384903, 150, -6.605083883952417e+27, -5.1475381351792834e+26, -1.3383622975004297e+28, -65.38835056460799, 79.27548989930463, 44.83536602623396
9.279067909526765, 151, -5.499014563377483e+27, -3.1623363718642435e+27, -1.3883098158057712e+28, -65.72253840548373, 78.84713303410444, 46.48553063273823
9.247962513136997, 152, -3.2691099391496797e+27, -2.4310120433231401e+27, -1.5809186178085314e+28, -64.82052350162412, 80.35344605347805, 43.948538809263866
9.216951244511836, 153, -9.845558279669441e+26, -3.852622486240541e+26, -1.5866862252037662e+28, -64.53748828791207, 80.89876059501832, 43.692770742237286
9.186033818812081, 154, 7.517334170240948e+26, 2.7261198889539824e+27, -1.6867407943318157e+28, -64.13259452133758, 81.4171147549337, 43.43043450653598
9.155209952060499, 155, 8.040246433578342e+26, 5.885979171711623e+27, -1.9489090863926035e+28, -63.774496969175075, 81.94881653468154, 43.35393395474689
9.124479361096679, 156, -3.560782506097395e+26, 6.29554999884014e+27, -2.200376683968322e+28, -63.31585653356056, 82.47416336103214, 43.33690124382084
9.093841763744578, 157, 5.23231647620132e+27, 3.115450196742102e+27, -4.6074105585275935e+28, -62.340028181244755, 83.26815293774425, 43.02248984283615
9.063296878554564, 158, -2.9174571306323917e+27, 5.777251769111347e+27, -2.1363712288493885e+28, -64.98044122877023, 81.7206536535075, 45.805201654027165
9.032844424971177, 159, 2.009185404512347e+28, 4.201373162201932e+28, 2.6100783727431016e+27, -61.41643390614469, 84.37369899532436, 43.65331607534248
9.002484123287946, 160, -1.181887878385794e+28, -2.9588017504344636e+27, -3.335663488872195e+28, -58.83485900558153, 86.10336064038933, 41.90886952160401
9.000000000032925, 161, -1.1696631160190722e+28, -2.3606707741907884e+27, -3.2767999166751816e+28, -58.80945257841494, 86.15162011721057, 41.91365892409286
8.972215694644833, 162, -3.706011985361345e+26, 6.408119173640904e+27, -1.5621733012316079e+28, -60.33498863717184, 85.697742080594, 43.957738215117935
8.942038861025638, 163, 1.3604613625919562e+27, 5.090561180580614e+27, -9.877381718161986e+27, -59.845463313944286, 86.28804689884296, 44.008825572666
8.911953345255467, 164, -7.161486314842015e+27, 8.622975294434135e+27, -1.21941071566304e+28, -57.86691903748539, 87.3924588708957, 41.964486639455245
8.881958870998195, 165, 1.9305429785795058e+28, 1.4346905544455039e+28, -9.82490470676561e+27, -57.60851809492117, 87.77097713613102, 41.86367521083885
8.852055162753903, 166, 3.218994208212113e+28, 4.850335755838839e+26, 6.877846653053682e+27, -58.436022947167004, 87.64896577695113, 43.59708049675321
8.822241945856351, 167, -1.0848974167167148e+28, -1.779057217913441e+28, 2.80396151870113e+27, -58.16259048553823, 87.97744355580434, 43.54289876074167
8.792518946470492, 168, 2.155733303404185e+28, 3.112267266348804e+28, -4.6503614258555255e+27, -57.84005969293332, 88.3222820097038, 43.72704840720237
8.762885891589903, 169, 1.2250199112188619e+28, 2.200046209951406e+28, 2.1287724811122804e+28, -57.50393403888339, 88.71217291555297, 43.602161145461295
8.733342509034319, 170, -7.140737833024244e+27, -3.268452770906522e+27, 2.3124253092242053e+28, -56.53598825195346, 89.81070752242961, 41.924879920692334
8.70388852744711, 171, -1.124811369914283e+28, -7.462130082440553e+27, 1.8290101705829593e+28, -56.460401342123745, 90.22765851366267, 41.91678448529728
8.67452367629279, 172, 2.541232237229538e+28, 1.0929659979254618e+28, 7.252842553118425e+27, -56.408069746017034, 90.71054785958836, 41.81971282616271
8.645247685854553, 173, 2.5492777427427277e+28, 5.193460958577354e+27, 3.387092025241028e+27, -56.871732067204064, 90.0037061016701, 42.77911749482154
8.616060287231772, 174, 1.91984512145e+28, 1.0655505598612984e+26, 5.380089267978055e+27, -56.35246057053824, 91.51170696755717, 41.57940491012547
8.586961212337533, 175, 5.906466620342926e+27, -7.762588197275308e+27, 5.333348560911451e+27, -56.79582827802023, 90.97054092353531, 42.48178172156892
8.557950193896191, 176, 1.6710988009090784e+28, -6.091168429008521e+27, 2.630832867528031e+28, -56.87816596634404, 91.35576901092327, 42.297872098242586
8.52902696544089, 177, 1.9311119220946074e+28, -1.0954080305657112e+28, 3.6772241559250677e+28, -58.28658597219202, 90.5785737320043, 43.290730611193936
8.500191261311127, 178, 1.3305364761101756e+28, -1.444048649964505e+28, 1.7906940008239457e+28, -57.03786415157836, 92.0263494621336, 41.74044448513072
8.471442816610566, 179, 2.751532011945962e+28, -2.141144242698801e+28, 4.727346984413385e+28, -57.126309690423426, 92.40348700043221, 41.59571776362019
8.442781367363729, 180, 9.713648639977742e+27, -1.882797114486983e+28, 2.086897085321593e+28, -57.16333319692449, 92.78009897638124, 41.342106430863666
8.414206650274684, 181, 7.002580993529172e+27, -1.7762365320490179e+28, 2.2027523342061536e+28, -57.420729552881696, 93.12646648636928, 41.11629464640275
8.385718402884024, 182, 4.8422031618919976e+27, -1.4822497377481874e+28, 1.5392767721146155e+28, -58.096179619192334, 92.2761650468583, 41.94001233966965
8.357316363526559, 183, 3.5947696884232892e+28, -4.388666467522385e+28, 4.210356354879681e+28, -58.01112496073631, 92.5863340274047, 41.673605126745045
8.329000271328917, 184, 1.6237143779908065e+27, -1.5800835203269129e+28, 2.257497252322495e+28, -58.338176123366, 94.00875914332204, 40.634089110689146
8.300769866207165, 185, 6.191706109696019e+25, -1.4398447158629697e+28, 2.25148806942589e+28, -58.63953240485505, 94.11360512835442, 40.372662776880084
8.2726248888644, 186, -1.8267932801841713e+28, -2.6804188288606205e+28, 5.782996291702621e+28, -59.31057338309116, 94.433273761793, 39.67198565152728
8.24456508078837, 187, -1.9877449161877562e+28, -2.258061611105946e+28, 5.9663108196215405e+28, -59.50834965216545, 94.42887874531127, 39.48322245389066
8.216590184249123, 188, -5.937455270663915e+27, -1.4432911361547558e+28, 4.132872808626106e+28, -59.76364868795641, 94.358269298856, 39.329888781073834
8.1886999422966, 189, -1.1467631952206116e+28, -1.6302604499959448e+28, 4.078769459719829e+28, -59.962564842875494, 94.3691816477215, 39.30219599530558
8.160894098758304, 190, -1.3138601050148146e+28, -3.800219653482302e+27, 2.572170380408641e+28, -60.16261557020188, 94.42130876667494, 39.17738467750552
8.13317239823695, 191, -3.966798438468208e+27, -1.0629686231226066e+28, 2.1949150211880575e+28, -60.421821013754446, 94.47261767914277, 39.11609945530605
8.10553458610809, 192, -2.758711414789786e+28, 8.566813638387493e+26, -3.5496954494367166e+27, -60.71122376245929, 94.48467327539285, 39.08728793246826
8.077980408517814, 193, -6.340885246539786e+27, -5.753621079520118e+27, 2.046944180979867e+28, -60.98409530789415, 94.4624031299527, 39.03329189094707
8.050509612380376, 194, 8.012468784831254e+25, -2.491118790473309e+28, 1.6158601859246683e+28, -61.231130405434634, 94.39158342487113, 38.8931772516299
8.023121945375896, 195, -1.8759525107983873e+28, 1.4771352036867785e+28, -1.1565941117458367e+28, -61.54319043055136, 94.45061039751683, 39.08326664602032
8.000000000027345, 196, -3.3666743142468384e+27, 6.702987756142274e+27, -8.987080509481454e+27, -61.72639931777058, 94.41527335063475, 39.0710501430283
7.995817155948053, 197, -6.786792852412636e+27, 2.1148736366358694e+27, -6.475128922620512e+27, -61.775151424458144, 94.4000883474725, 39.067881646831665
7.968594993301741, 198, -2.1907237426123308e+27, 6.808223416599328e+27, -2.574108256235373e+28, -62.125803360057496, 94.49804773548986, 39.4943190145096
7.941455207400782, 199, -2.945255937574068e+27, 3.7750137436276446e+27, -3.5266248147883003e+27, -62.25453095453445, 94.51746099824499, 39.48442481862159
7.914397548965644, 200, -3.6562506954535787e+27, 7.036922084764827e+27, -1.400645842672834e+28, -62.34919095149355, 94.6522557109707, 39.45005458773806
7.88742176947113, 201, -3.0432589882158975e+27, 7.758211368976058e+27, -1.5968958794132894e+28, -62.37094222734557, 94.86810388971607, 39.47580215097542
7.8605276211069, 202, 1.0463948962569072e+28, 2.821366133301081e+27, 3.9858633757140127e+27, -62.40825218878065, 95.16590256838745, 39.56704828228214
7.833714856924113, 203, 8.950410647075493e+27, 5.031670947864229e+27, -1.9693929967230668e+26, -62.3010697456532, 95.36172944989882, 39.130284120864836
7.806983230609616, 204, -3.4319276508402617e+28, -2.112596753580882e+28, 7.972014233309199e+27, -62.39614732094424, 95.50979290130005, 39.244006953145764
7.780332496632823, 205, -1.4482099699374638e+28, 1.4641493429659038e+27, -4.448403489792544e+27, -62.48899893848744, 95.60500239166183, 39.32232932757836
7.7537624102061535, 206, -6.794035164801198e+27, 2.3136564309455145e+27, 7.091340080100254e+27, -62.45390326016166, 95.69285871477932, 39.331817223890965
7.727272727282768, 207, -4.3540399494372723e+27, 4.128121688646665e+27, -6.795511560394807e+27, -62.730741497878185, 95.84441099426218, 39.564482702079324
7.700863204554334, 208, -6.693367170167199e+27, 2.3129739740114936e+27, 4.229418912473208e+27, -63.229927723450594, 95.78609216295764, 39.70690165943344
7.6745335994488, 209, 6.152261008092575e+26, 3.7062253794341027e+27, -2.892479709409951e+27, -63.40287702509546, 96.09574472735447, 40.002921013867514
7.648283670128153, 210, -1.3422486485133084e+28, -2.004140007661285e+28, 2.52227232848526e+28, -63.53585314253022, 96.29971206625385, 40.12289968113031
7.6221131754862, 211, -1.0080021663359658e+28, -1.569542308424415e+28, 2.9061630788471575e+28, -62.92692668476686, 96.96112396855932, 40.22384511612139
7.5960218751463735, 212, 1.5271774463839976e+27, 7.776460033661613e+27, -6.654521463112369e+27, -62.70228699699181, 97.36476206539949, 40.17006906153539
7.570009529459494, 213, 4.8905926185830673e+27, 8.325577489323918e+27, -5.350787412314706e+27, -62.45733167117639, 97.71434391046986, 40.1737392672979
7.544075899501577, 214, -1.634788251112187e+27, 3.12505792211086e+27, -1.0341255693560925e+28, -63.376574766285806, 97.49899618416126, 40.70259712751063
7.518220747071663, 215, -1.52394948937042e+28, -2.543259674351756e+27, -1.597801068677663e+28, -63.1523615126741, 97.77040991989472, 40.629902163158654
7.49244383468959, 216, -2.3821424092384134e+28, -1.376985351121274e+28, -1.4888597465809975e+28, -62.892541712911346, 98.21070490357513, 40.68574704972298
7.466744925593851, 217, -3.273854892037003e+28, -1.0848785767224527e+28, -1.9689147492753278e+28, -61.721256921254785, 99.16166723645048, 40.0275849425394
7.441123783739387, 218, -2.32873356628189e+28, -1.1340888822846268e+28, -1.9364035537047772e+28, -61.626719079677216, 99.37533161599751, 39.834698943965115
7.415580173795435, 219, -2.244300602078324e+28, -7.873836900409752e+27, -2.8679655146597927e+28, -61.72347147026001, 99.68022668478581, 39.8903888705312
7.390113861143373, 220, -1.570840341403251e+28, -8.181712082181002e+27, -1.4466008508498406e+28, -61.68795431295133, 99.81559004015612, 39.79296619765327
7.36472461187455, 221, 1.7237356843989433e+27, 4.9102240709243364e+27, -4.6475454846126853e+27, -61.5513463210178, 100.11190933221714, 39.76315840353868
7.339412192788137, 222, -2.1306611511680043e+28, 2.0254779317730403e+28, -5.4638663736623e+28, -62.80129237066296, 99.44773208145735, 40.27635682273761
7.314176371354108, 223, 2.582031415377649e+27, 1.6741105076895492e+28, -1.968418392230928e+28, -61.29469631404008, 100.67540838324123, 39.36518382292831
7.289016915850782, 224, 3.740885894072618e+27, 2.090339975190373e+28, -1.2100555450678885e+28, -61.15788700095296, 101.09636810593928, 39.41407382364407
7.263933595152988, 225, -2.93880819053117e+27, 1.6823952034448854e+28, -1.4153591444660135e+28, -60.927399495811684, 101.38807732389499, 39.372270435009575
7.238926178869873, 226, 6.534584873694987e+27, 3.0893076587519237e+28, -3.0756211102097876e+28, -60.78362033740153, 101.70330591723919, 39.393747516170535
7.213994437307754, 227, -1.5399339928286108e+28, 8.346851629674415e+27, -2.7828899854125648e+28, -60.72716219492034, 101.97476261698277, 39.47453230185007
7.189138141468028, 228, -2.571804316293699e+28, 6.273282796683223e+27, -2.601908394610323e+28, -60.779112466208325, 102.19030618072081, 39.62851987939477
7.164357063045067, 229, -1.3017549087190471e+28, 1.0471190844188653e+28, -3.101823852108876e+28, -60.81676759387954, 102.64804398121267, 39.87545646779739
7.139650974424109, 230, -2.046593499580021e+28, -2.698357369807004e+27, -1.7632440555470932e+28, -60.78760606226931, 103.1402508733526, 40.086657686384186
7.115019648679175, 231, -2.406959412620869e+28, -1.409080863781658e+28, -1.1397688019707685e+28, -60.803939950658844, 103.45400075380473, 40.19156023868819
7.090462859570993, 232, -2.382656390888419e+28, 2.752533194281087e+27, -1.3615291046544995e+28, -60.754867071143764, 103.89465679697449, 40.3479601842982
7.065980381544906, 233, -4.1600879377170055e+28, -2.547648874789544e+28, -1.7584309280871913e+27, -60.97819448988998, 104.5230786009872, 40.78534769716581
7.041571989728801, 234, -1.976888783848947e+28, 1.6028527151249806e+26, -1.1618516574878686e+28, -60.94599221163931, 104.7409216637884, 40.77161297243246
7.017237459931062, 235, -1.421201450608597e+28, 2.7631947083676816e+27, -5.578318433652086e+27, -60.398530523262345, 104.52181270267302, 40.28130831747534
7.000000000026073, 236, -5.6658549996989655e+26, 1.812417021493386e+28, -2.062217842337695e+28, -60.40143550864735, 104.46533062149646, 40.307482897493216
6.9929765686384835, 237, -1.5873839289766859e+28, 7.854666139038995e+27, -2.0470542855671423e+28, -60.38331501454229, 104.4560685530964, 40.30213083847899
6.968789093014237, 238, -3.05680260723558e+28, 8.549335194627996e+27, -2.3106549681965775e+28, -60.24930298980435, 103.82448043241517, 40.069133510076206
6.944674810895823, 239, -1.3455528819254935e+28, 9.27683927364748e+27, -1.674951788119688e+28, -60.011365622340634, 103.52419324446049, 39.87329138844455
6.920633500793016, 240, -1.5184356881391378e+28, 6.319753584938722e+27, -1.0085205815666888e+28, -59.858307927439526, 103.20625098192197, 39.6944128079631
6.8966649418858506, 241, -5.467247170807652e+27, 9.382108987603353e+27, -6.968538795630091e+27, -59.76756194361176, 103.32928272229817, 39.66033085101066
6.872768914022577, 242, -1.6837867178690908e+28, -4.077358427831554e+27, 6.279522331209446e+27, -59.586132460140014, 103.30431234524683, 39.516076680455335
6.84894519771764, 243, -7.924371738976029e+27, -4.3060790361229685e+27, 1.4725515903607466e+28, -59.54700502653731, 103.24241455175614, 39.38377094141445
6.82519357414968, 244, -1.330708474242004e+28, -3.0221554997258645e+27, 1.6084084754830347e+28, -59.43533219593258, 103.2425888067788, 39.27674262854646
6.801513825159502, 245, -3.34251456574269e+27, 7.145994830223834e+27, 1.137673925992264e+28, -59.50612459377494, 103.19950776097015, 39.13133429508694
6.777905733215435, 246, -4.3097574484746556e+27, 1.1776120691862815e+28, 9.138729638437955e+27, -59.5427887775341, 103.22456695904256, 38.948849030981656
6.754369081542016, 247, -1.5661133864575692e+28, 1.7838118559601057e+28, 7.560560978942525e+26, -59.537710948624884, 103.16106861099966, 38.568541986695514
6.7309036539218345, 248, -1.583779462759409e+28, 1.0358979739886832e+28, 5.303299008143384e+26, -59.46614761323956, 103.21953266585129, 38.280226269430806
6.707509234824409, 249, -2.494978478121107e+28, 9.94448080868927e+27, -1.2151952716787392e+28, -59.583070161468264, 103.41142054048807, 38.18286857879549
6.6841856093714815, 250, -1.9439528107566293e+28, 1.931028519052335e+28, -1.1735808482588945e+28, -59.6311452890082, 103.48646061762437, 38.02355489985192
6.660932563335029, 251, -8.054987869279558e+27, 2.347744121509675e+28, -2.397616372124766e+28, -59.57786963105456, 103.68294517414891, 37.76783147114136
6.6377498831353, 252, -1.6828711055844085e+28, 1.7490053892751777e+28, -1.7795462007772878e+28, -59.6178770472201, 103.81924701592241, 37.6209293030503
6.614637355838868, 253, -1.0358744141218875e+28, 2.461438691565551e+28, -2.375378715761095e+28, -59.581508348665864, 103.82792866014239, 37.46113773296475
6.591594769156647, 254, -1.543099835974657e+28, 2.3304214181403982e+28, -3.2386100423002593e+28, -59.58608712021277, 103.86140777558175, 37.40394897462599
6.568621911441964, 255, -1.196211319437988e+28, 1.8847439703538486e+28, -1.6997117681934457e+28, -59.512506103484135, 103.98355891914444, 37.30928787663664
6.545718571688611, 256, -3.87917936739279e+27, 3.2678498927119802e+28, -3.7166642693829017e+28, -59.33801782834621, 103.82619040113327, 37.33267675757159
6.522884539528897, 257, -1.4976764626351194e+28, 2.602591788743193e+28, -4.562462289900667e+28, -59.2016285385477, 103.62889925592383, 37.48698583397907
6.500119605231728, 258, -1.289217449207536e+28, 1.7190532289288478e+28, -2.3678190672129765e+28, -58.707002940078134, 103.3340209059086, 37.66037785364233
6.477423559700673, 259, -7.119605878091212e+27, 1.3818636608773752e+28, -1.124091019843338e+28, -58.40373183181889, 103.16907695184644, 37.76263979805276
6.454796194472052, 260, 4.14104493210307e+26, 1.2013721965992953e+28, 2.0225784135435092e+27, -58.18346652268345, 103.23572568753929, 37.740131425371274
6.432237301713, 261, -9.094718264127207e+27, 2.0105375359641353e+28, -2.117993725099797e+28, -58.35332750255695, 103.97545372357447, 37.325387625934404
6.409746674219593, 262, -1.494410977080171e+28, 1.9729396890213886e+28, -2.717150643386689e+28, -58.18211146764177, 103.67207923851774, 37.37571421176584
6.3873241054149075, 263, -2.4348865449940804e+28, 9.564690028910029e+27, -2.54823428184361e+27, -57.946379335491784, 103.44620326288197, 37.365729924743185
6.364969389347157, 264, -1.6925112689220102e+28, 4.270139617153179e+27, 1.1856838961873518e+27, -57.954890887878605, 103.41914776587164, 37.822350074352826
6.342682320687767, 265, -5.923493358198662e+27, 1.695898154861395e+28, -1.9470055561581669e+27, -58.04559325622735, 103.44090991898553, 37.7849498126973
6.320462694729515, 266, -6.661747371170928e+27, 2.260039187420179e+28, -1.0416469035568403e+28, -58.120329276672365, 103.50342617044689, 37.72480668407617
6.298310307384643, 267, 1.1637254214140398e+28, 2.3488912059397747e+28, -1.335924582676033e+28, -58.14492778942142, 103.54529251611271, 37.738232382946784
6.276224955152436, 268, -3.5649225701321235e+27, 2.798615917103511e+28, -3.988392458721248e+28, -58.116774687601016, 103.51985538735964, 37.73583497709011
6.254206435239618, 269, -1.1859789576655083e+28, 2.1119144268251605e+28, -3.124508235490583e+28, -58.21564812788393, 103.46187414593776, 37.757708226360144
6.232254545374951, 270, -1.0489593907554402e+28, 1.9405922689125546e+28, -3.0728842320368736e+28, -58.21673499078616, 103.48540251253083, 37.80882732743255
6.210369083929843, 271, -1.218996043104548e+27, 1.0720052938310602e+28, -2.7669220985628482e+28, -58.26985425733761, 103.47387549503411, 37.817160255888936
6.188549849885837, 272, -2.2283705778289553e+26, 9.582931962090026e+27, -2.269665511876966e+28, -58.17597661743448, 103.4509715026288, 37.94556557342519
6.166796642832787, 273, -7.980880434722769e+27, 2.085617693520074e+28, -2.382883219145577e+28, -58.0728362830327, 103.40547235930237, 38.022440257327325
6.145109262966996, 274, -2.9339217632830626e+28, 9.100219499537556e+27, -2.254360697534429e+28, -57.952190298973896, 103.43984829526353, 38.03876200523406
6.123487511089393, 275, -2.0316100989858596e+28, 4.7048627426295145e+27, -3.674451347955002e+28, -58.060201047374235, 103.51440904369689, 38.136456493318455
6.10193118860371, 276, -2.8248871332174653e+28, -6.301938259458484e+27, -3.752702910285976e+27, -57.945811672629176, 103.5994109914256, 38.15551502440349
6.080440097514641, 277, -2.9778563709614892e+28, -9.247194661697356e+26, 1.9826245702489912e+27, -57.942060623839104, 103.70497502128163, 38.19765373231984
6.059014040426029, 278, -1.6790040107332146e+28, -7.214170487705993e+26, 5.444572255595603e+27, -57.917198247946665, 103.81069183462415, 38.24452152170495
6.037652820539071, 279, -1.5528021309340924e+28, 5.356958622110803e+27, -2.4448145124662412e+27, -57.981147867933004, 103.94558744954745, 38.22706163501871
6.016356241650478, 280, -1.428522092117797e+28, 9.892661112464524e+27, 2.491147121050734e+27, -57.94249805682769, 104.05289217577334, 38.20701602513075
6.000000000011188, 281, -6.954151739478088e+27, 1.3617394570339093e+28, 6.750584712999719e+27, -57.97022519167413, 104.19061160959043, 38.16295511685992
5.995124108150697, 282, -3.971561371019878e+27, 1.3640500547137785e+28, 1.0859222819693008e+27, -58.01394306941984, 104.21789675791707, 38.16736671007847
5.973956225022113, 283, 9.112312763393955e+27, 1.678849804233442e+28, -1.1177985378330669e+28, -58.06902822919481, 104.30568521408458, 38.15411776872347
5.952852397837243, 284, -6.690036712135039e+27, 1.1051084717175715e+28, -1.0666290842852463e+28, -58.19890144896263, 104.37086579137824, 38.12247905349878
5.931812432756959, 285, -2.1588238121997473e+28, 4.090320853279113e+27, -5.42775813089953e+27, -58.357670371889235, 104.44664135423596, 38.08199590984172
5.910836136528719, 286, 5.914844666268207e+27, 1.9094720850257942e+28, -8.869931686444705e+27, -58.57588334039841, 104.47421088189512, 38.041698145824604
5.889923316484769, 287, -3.636741380849702e+27, 1.4529775600016276e+28, -1.306573395313899e+28, -59.052047895905005, 104.48603448703724, 37.96774559525057
5.8690737805403925, 288, 1.2273364807807481e+28, 2.951302434301048e+28, -2.853506330727095e+28, -59.507787242023916, 104.52058474690875, 37.97546046918322
5.848287337192134, 289, 7.829382846291376e+27, 2.4439741853576246e+28, -1.6140971189220362e+28, -59.86692553958881, 104.62028081382854, 37.93149136462435
5.827563795487392, 290, 1.5703123036300057e+27, 1.7462071950358204e+28, -2.2027507830658885e+28, -60.38935264451755, 104.63684563715474, 37.90451112007323
5.806902965137368, 291, 1.1906563882119294e+28, 3.1503958006038196e+28, -2.3624759765296836e+28, -60.633712643366145, 104.6873349713315, 37.87829603556978
5.78630465634314, 292, -2.693963113330409e+27, 2.1672177317566527e+28, -2.0290865403891506e+28, -60.83394756627519, 104.68310137057603, 38.027327658399486
5.765768679908774, 293, -1.4256171293853982e+28, 1.8440380246669975e+28, -2.384940780180326e+28, -61.01683993113714, 104.67484031477964, 38.07481154227436
5.745294847210869, 294, -1.0713855042390483e+28, 2.444344210120018e+28, -1.3181144072189942e+28, -61.09861738907885, 104.69479553236444, 38.22852290844934
5.724882970196816, 295, -1.9432814557088722e+28, 1.9373568906785291e+28, -1.4062314562832416e+28, -61.2493809460488, 104.78180404580303, 38.47600562823849
5.704532861383066, 296, -1.8261667940856921e+28, 1.468764068494048e+28, -1.8166032459496652e+28, -61.370273810954735, 104.83895309029774, 38.56923629145398
5.684244333853419, 297, -2.435802244672991e+28, 1.2600097464376746e+28, -2.5746009141862176e+28, -61.53473134574097, 104.97470997772983, 38.75171023546645
5.664017201257295, 298, -3.999248164328164e+28, 6.278893380704185e+27, -3.1923563276940817e+28, -61.67611121523769, 105.00577139427185, 38.865801905010855
5.643851277808024, 299, -2.5226591764170724e+28, 9.755120202178556e+27, -2.7008829202789303e+28, -61.767648983294215, 105.0830321322594, 38.90885486900485
5.623746378281157, 300, -1.6675584675797558e+28, 1.3779829467583645e+28, -3.254132132109876e+28, -61.87988885498736, 105.1346794952355, 38.960297870210965
5.603702318012738, 301, 3.321624538462819e+25, 1.696828795914247e+28, -2.366497533470924e+28, -62.040832691354254, 105.32149147658593, 39.029964728565886
5.583718912897624, 302, -2.522298942483597e+28, 3.333719930149449e+27, -2.68748462422552e+28, -62.14386434644329, 105.46887646338826, 39.16404759593002
5.563795979387799, 303, -2.2247707161886414e+28, 3.3416046543773376e+26, -1.7250696616864502e+28, -62.36604607786178, 105.59368204590425, 39.28693139917137
5.543933334490668, 304, -1.8045683931181296e+28, 1.619552041852781e+27, -2.705402921739036e+28, -62.444489319488376, 105.59153494395507, 39.39196234533598
5.524130795767393, 305, -1.0970058888937577e+28, 3.485100237913204e+27, -1.5785502622610213e+28, -62.51493887080371, 105.6882783971471, 39.515085900415976
5.50438818133122, 306, -1.0805966758070716e+28, 4.804864825220355e+27, -1.5043242537345458e+28, -62.617761473731925, 105.69138651566882, 39.61735208987508
5.484705309845789, 307, 1.7792009373218095e+27, 1.0623383712508048e+28, -1.6970229904802333e+28, -62.60593722043375, 105.66181883086854, 39.695684013553425
5.465082000523485, 308, -8.720216172090488e+27, 1.0655916412569849e+28, -2.785567889297539e+28, -62.74897136286723, 105.72198170141796, 39.770138784909584
5.445518073123778, 309, -1.378423856713211e+27, 1.3549062474139135e+28, -3.057204176808607e+28, -62.78937663443666, 105.66204572546577, 39.64952817514706
5.426013347951553, 310, -9.371012962280755e+27, 1.5812654386559929e+28, -3.439425517088243e+28, -62.862750393213936, 105.63165697510956, 39.61736458100062
5.40656764585548, 311, -2.2437238206963627e+27, 1.1176035120588744e+28, -2.0758845787560715e+28, -62.873011778397036, 105.50082734982878, 39.50134767016922
5.387180788199535, 312, -6.476935266127988e+26, 3.1278798002046214e+27, -9.293782093425544e+27, -62.986646586553945, 105.23350917605275, 39.308654345609405
5.367852596968702, 313, 1.8257560820380432e+28, 1.904627886552962e+28, -2.1976366730413003e+28, -63.059663737402936, 104.89889219351478, 38.819082847796004
5.348582894606217, 314, 1.528981438591645e+28, 2.271062368597547e+28, -3.9134324166156324e+28, -63.08439327172577, 104.31100002445724, 38.371668202841114
5.32937150411944, 315, -1.650904112265596e+26, 1.7627638532856548e+28, -3.8168778172554628e+28, -63.23667211561021, 104.4378483555598, 38.33633670708356
5.3102182490513155, 316, -5.145765730523201e+27, 1.4313079881876832e+28, -3.2692652480808956e+28, -63.283150887404496, 104.37335090384197, 38.172585166887245
5.291122953478768, 317, -1.073655486135127e+28, 1.0869484777037552e+28, -3.2209438149598503e+28, -63.261855995254095, 103.60556993496296, 37.21317805502436
5.272085442011082, 318, -1.2895592047101243e+28, 5.05913362423034e+27, -1.551039111872238e+28, -63.343267527192125, 103.59873598853844, 36.794244343010476
5.253105539788289, 319, -8.900317024114371e+27, 1.8338401672979831e+28, -3.638631265498674e+28, -63.303918676549955, 103.26485819348258, 36.088031894819714
5.234183072479565, 320, 8.262074188373604e+27, 2.047288579330788e+28, -3.7652265201930544e+28, -63.34393343119326, 102.9832188991969, 35.54091985189793
5.215317866281626, 321, 1.277312805071244e+28, 1.8313520609373805e+28, -3.213090879866082e+28, -63.30663649310516, 102.7969256747797, 35.111932945116145
5.1965097479171245, 322, 8.779251370811171e+27, 1.4183495465316506e+28, -3.251986392968554e+28, -63.191340933314514, 102.54282932530134, 34.749367072654515
5.177758544633082, 323, 1.2358874587350033e+28, 1.85217928859597e+28, -2.2184121968256373e+28, -63.09197102411281, 102.28327292739569, 34.28009515149976
5.159064084199271, 324, 1.161706593156751e+28, 7.983094976495535e+27, 3.403964122015374e+27, -62.98836307729425, 102.1147503883941, 33.95198140556472
5.140426194906658, 325, 1.6310730753417346e+28, 8.665373122069442e+27, -3.303821591832592e+27, -62.939914993318965, 101.54911662739362, 33.65551784467963
5.121844705565814, 326, 3.1960830105721287e+28, 8.437312803329142e+27, -7.540220397510904e+27, -62.91933738464651, 101.18464893474969, 33.453679808941075
5.103319445505342, 327, 3.0739301564511464e+28, 1.19995011944139e+28, -1.5438019251673407e+28, -62.812191493366875, 100.86301449670111, 33.2705120062965
5.0848502445703145, 328, 1.0975494744772007e+28, 1.5851650641022437e+28, -3.6566090615197992e+28, -62.74323631525013, 100.45346499029277, 33.180427232561996
5.066436933120713, 329, 2.2170002095403895e+28, 1.89822291944145e+28, -2.846912681767461e+28, -62.66349033491492, 100.16020240623347, 32.96433670569144
5.048079342029855, 330, 2.8913354069550904e+28, 2.942901802176056e+28, -3.91658544758878e+28, -62.58439140506019, 99.9367194122089, 32.75779459206158
5.029777302682856, 331, 2.1179996112746908e+28, 2.781385916337718e+28, -4.18604677192924e+28, -62.54917036045534, 99.61937158489766, 32.63190312168588
5.011530646975081, 332, 2.8154937297670907e+28, 2.400627026468097e+28, -2.2258966092642434e+28, -62.51410674709699, 99.487079948706, 32.51348402355326
5.000000000003041, 333, 2.0602005183625953e+28, 1.9703846605383528e+28, -2.3891264077489093e+28, -62.381173675401904, 99.23594241249117, 32.35569253884326
4.9933392073105844, 334, 1.3183127488706053e+28, 1.442004172178525e+28, -2.5944727703267975e+28, -62.26416902071074, 99.145007107555, 32.24826264679575
4.97520281657551, 335, 1.177515826900391e+28, 1.695194009831966e+28, -2.772603069508533e+28, -62.16624868040953, 99.02821629471148, 32.07734202379922
4.957121308236941, 336, -1.5402361817306036e+28, 9.268008039923571e+27, -3.167457096415806e+28, -61.957665999341174, 98.9010413624078, 31.854046370576054
4.939094516190658, 337, 3.3082347149243385e+27, 2.1903868085596586e+28, -3.7285300545959463e+28, -61.729364848774544, 98.19285723894434, 31.473578323688756
4.921122274860176, 338, 2.601585066053687e+28, 3.6804491493399865e+28, -5.495466599647319e+28, -61.5053241228355, 97.73586599970595, 31.064860816947597
4.903204419170059, 339, 3.1393363694117552e+28, 4.0984225744205494e+28, -5.318943598600476e+28, -61.292622150325734, 97.46585304329979, 30.707120505378597
4.885340784544402, 340, 2.9368264681118817e+28, 4.257466815697014e+28, -5.920555735095922e+28, -61.15638978273996, 97.1593054765512, 30.352525300831445
4.867531206905317, 341, 2.8037680385735482e+28, 3.7438545614416336e+28, -5.664489605049998e+28, -61.02441047680194, 97.04868189216974, 30.01819277841096
4.849775522671441, 342, 3.8358727059757113e+28, 4.566724207038994e+28, -4.775634397459283e+28, -60.84991345485958, 96.90289367080648, 29.568579892494256
4.832073568756414, 343, 2.7708414997083603e+28, 3.605626256820354e+28, -5.4351624175663465e+28, -60.75432732819459, 96.52682339571108, 29.13944238008664
4.814425182567397, 344, 2.1241947095710975e+28, 2.765022386759824e+28, -4.708365920523976e+28, -60.56334127771228, 96.4671857840668, 28.842521317498836
4.796830202003568, 345, 1.5482386644211822e+28, 1.8026969883969818e+28, -3.0461788719970175e+28, -60.39367133852693, 96.41549864514397, 28.53059465180315
4.779288465454633, 346, 7.037978772355903e+27, 1.599650370553229e+28, -1.7919351438897684e+28, -60.206020655359055, 96.61386826772141, 28.352121754441747
4.761799811799357, 347, 1.2682680697495175e+28, 9.288913226461471e+27, -5.578535790828579e+27, -59.94397471525321, 96.72359221111456, 28.082543446682312
4.744364080404063, 348, 2.1702781035721222e+27, -1.3296440972372024e+27, -1.9660402027759896e+27, -59.59112085630588, 97.31407294414501, 28.167558288996453
4.726981111121163, 349, -3.3273116877465247e+27, -5.624594177718081e+27, -1.511358020433569e+28, -59.373685027277816, 97.73495610212842, 28.205341412931723
4.709650744287704, 350, -8.904168196696836e+26, -2.0991969774311993e+27, -4.1336780429236146e+27, -59.127091456212916, 98.00110821788029, 28.048878153243592
4.692372820723876, 351, 7.75844452144817e+27, 1.6526881348226573e+27, -1.2868150497823504e+28, -58.87707543404498, 98.761188613973, 28.319780853372997
4.675147181731562, 352, 1.1887914961227068e+28, 3.483515419664651e+27, -6.054371152757959e+27, -58.68790209239571, 99.63454524225824, 28.711152402482142
4.657973669092891, 353, 4.4227810236789913e+27, 4.9193381903812435e+27, -1.2314386353223653e+28, -58.55698293269737, 100.78310618768124, 29.54464170435502
4.640852125068758, 354, 2.252733474724792e+27, 7.359007513452326e+26, 3.9667395685214575e+27, -58.3452568711107, 102.70554319890742, 31.30009290142759
4.623782392397401, 355, 7.25641246909164e+27, 2.2245154578600614e+27, -1.7171912197146624e+27, -58.20364427183225, 105.13735309606989, 33.64533830725237
4.606764314269412, 356, 7.521002821780582e+27, -2.4485746693948698e+26, 4.3666911730969135e+27, -57.90530455707376, 108.21106681492857, 37.20791927660092
4.589797734420503, 357, 2.6391651253222065e+27, -2.0671416949919814e+27, 4.646185676990141e+27, -57.69318955706268, 112.59393965124708, 41.46396222150741
4.572882496988648, 358, 1.5954351432839452e+28, 1.182991190826882e+28, -2.0481586557845886e+28, -57.62733002923657, 114.15266474210884, 42.456938153452114
4.556018446607021, 359, 2.3160384072669337e+28, 1.929298466766649e+28, -2.1468888878740286e+28, -57.65118575444873, 119.27753161957872, 46.15530767653623
4.5392054283789385, 360, 2.0230221517553152e+28, 1.6742612893116752e+28, -2.354057333215741e+28, -57.57506499772565, 120.56587953501982, 47.14701022006683
4.522443287876451, 361, 1.5321153728730742e+28, 1.186016253918767e+28, -2.771547766783959e+28, -57.6274805860676, 121.81796389645426, 48.1480389550625
4.505731871138927, 362, 1.1785889891658402e+28, 8.163227126562617e+27, -2.267161368420363e+28, -57.61572956198228, 123.17666267189027, 49.24529970789776
4.489071024671629, 363, 1.8484944772624592e+28, 1.3826547075547372e+28, -2.6186374092448026e+28, -57.665711519030324, 123.89280341636878, 49.74524927689787
4.472460595444307, 364, 3.8553646081082074e+28, 2.1161230054911724e+28, -1.9846713964172313e+28, -57.707747047674324, 124.89769520922418, 50.44108990580169
4.4559004308898045, 365, 2.7386390739602923e+28, 6.763721293014489e+27, -2.268997195463179e+28, -57.78508693743729, 125.85373623709728, 51.27728103041651
4.439390378902635, 366, 1.487296504923769e+28, 7.279639083845187e+26, -1.347039602047739e+27, -57.842046081833786, 126.80037417321932, 52.03084228218449
4.422930287837601, 367, 9.390606072622101e+27, -4.4734281459094527e+27, 3.6650926743884826e+27, -57.93216023690251, 127.63169900393416, 52.88097718224741
4.406520006508403, 368, 4.2882850881561374e+27, -9.147846247654137e+27, -8.77212870024425e+27, -58.016557053512955, 128.19168581010237, 53.488549192498105
4.390159384186236, 369, 1.2498675724535654e+27, -1.2343457959910408e+28, 2.3472197743196596e+27, -57.969650971998995, 128.81714744694278, 54.095472157874084
4.3738482705984225, 370, -4.8905925111243655e+27, -9.172394873663617e+27, 8.255428998156625e+27, -57.9504712677755, 129.14792096167932, 54.53800184051541
4.357586515927018, 371, -1.6503498896745422e+28, -1.7470278343492306e+28, 6.1728962129830084e+26, -58.06170912701989, 129.64758270204064, 55.045880894338495
4.34137397080744, 372, 4.6593543517342774e+27, 4.1685956707829197e+26, -1.1914734421562196e+27, -58.12645014701215, 129.9740925945501, 55.40652368288379
4.325210486327104, 373, 1.2075318902469697e+28, 2.726069165052033e+27, -1.1821754596701005e+28, -58.1621908953924, 130.18369562471744, 55.757351936193004
4.309095914024043, 374, 3.243816009187345e+28, 8.367947914082693e+27, -1.152863664846107e+28, -58.236136040572624, 130.45574426564914, 56.03059420957995
4.2930301058855465, 375, 4.7875435015211195e+28, 9.585193373423548e+27, -1.8370250224842327e+28, -58.34249155953335, 130.84064779334105, 56.48983736974039
4.2770129143468125, 376, 3.971830829459329e+28, 3.04910278741833e+27, -2.1825297179862685e+28, -58.432188866355006, 131.39464575187685, 57.065794442030274
4.261044192289577, 377, 6.834143115584667e+28, -2.577770460544879e+28, 9.022755919691735e+27, -58.539133678369204, 132.09315789101223, 57.79227447583831
4.2451237930187515, 378, 1.1439537078243032e+29, -6.354827333167838e+28, 9.237573422445333e+28, -58.6703917844045, 132.58853662693815, 58.56947746051229
4.22925157034922, 379, 1.0504018024786256e+29, -6.570765740326801e+28, 5.98031049522269e+28, -58.85473563043423, 133.05992140280875, 59.3455527542147
4.213427378472176, 380, 6.191271032066229e+28, -5.072390497018555e+28, 1.091351627249196e+28, -58.945101077380606, 133.35468854357617, 60.037341918714844
4.197651072042059, 381, 1.40295100664736e+28, -4.401321977952882e+28, -4.6011867372645477e+27, -58.92577434012165, 133.57900165274057, 60.59474669331427
4.18192250615315, 382, 3.823957732173157e+27, -2.8386701958870976e+28, -3.519899753519851e+28, -59.09031256647281, 133.81098773571162, 61.15260849241882
4.166241536338215, 383, 5.564741181525624e+27, -1.991703155051524e+28, -4.2842730466233834e+28, -59.200174441803746, 133.96272860200858, 61.416025340929565
4.150608018567195, 384, -1.9170688071815754e+28, -2.2322413389114477e+28, -4.431010995508607e+28, -59.25998146702777, 133.92956116171783, 61.506256315290564
4.135021809245885, 385, -2.722947404191514e+28, -2.8131232239501046e+28, -3.4444890190486737e+28, -59.314398098549304, 134.0745669230882, 61.81151897659916
4.1194827652146015, 386, -3.4751791695544288e+28, -2.5417344363723497e+28, -5.8406457425437565e+28, -59.44525633277891, 134.07161752625015, 62.10125508558918
4.103990743746875, 387, -1.3180355184321892e+28, -3.1253171209504155e+28, -1.1985153223923897e+28, -59.53270446967083, 134.09328979929475, 62.36978721281354
4.088545602548146, 388, 1.376054322741843e+28, -3.4061825123246383e+28, 1.7587427000309805e+28, -59.64043085786675, 134.09610556289365, 62.679447100368755
4.073147199754449, 389, 1.7762396958289225e+28, -4.179570132413012e+28, 2.8908628539916708e+28, -59.68793116011359, 133.91348687477844, 62.75881165588023
4.057795393931105, 390, 3.8120483111510485e+28, -2.3006890685181635e+28, 1.393667032516384e+28, -59.73081399085047, 133.8581668523967, 62.681597867690144
4.042490044071439, 391, 2.1949331017042214e+28, -7.266965960127533e+27, -2.1684231421001052e+28, -59.7997785559361, 133.80432055097822, 62.68532593723455
4.027231009595468, 392, 3.567689477861479e+28, -1.4298982826154608e+27, -2.0440849283602155e+28, -59.85039342411579, 133.59685199185856, 62.52920558559066
4.012018150348622, 393, 6.384756876659342e+28, -1.478917543736944e+28, 3.206986507307533e+28, -59.82067384895284, 133.71188751893743, 62.56553097997632
4.0000000000110285, 394, 7.252816289068982e+28, -2.5961525760326904e+28, 2.7405303995292747e+28, -59.82920920576573, 133.66371460056337, 62.51639659758357
3.9968513266004475, 395, 8.73018256257604e+28, -2.6047159810267876e+28, 3.113749677765513e+28, -59.82372386553049, 133.67625104323707, 62.49069823169556
3.981730399043329, 396, 5.077569455057851e+28, -4.385172855772298e+28, -2.656155516665332e+27, -59.71299361523839, 133.7658402833949, 62.728265706934145
3.966655228791211, 397, 3.511810191336326e+28, -4.933545770862481e+28, -1.7180268216222544e+27, -59.723102637672945, 133.90460420258668, 63.25531444197821
3.951625677378318, 398, 5.7200804443644075e+28, -3.385097312192266e+28, -2.6578040609091005e+27, -59.89743134960818, 134.0167396095608, 63.63461018517979
3.9366416067578784, 399, 1.9043172600758141e+28, -7.551735720926113e+28, -1.6772718034453492e+26, -59.884393453688375, 134.22427804680797, 64.01011354891675
3.921702879300879, 400, 1.984252828480125e+28, -7.05215514153205e+28, -1.8128708198113374e+28, -59.97609961938639, 134.30695565254518, 64.21378012110101
3.9068093577741703, 401, 5.193270911145929e+28, -6.80222597035182e+28, 2.4298839413965312e+28, -60.005107609808285, 134.29468550375637, 64.1072675516381
3.8919609054216817, 402, 1.0977246300164184e+29, -6.241851881389699e+28, 5.680813121336997e+28, -60.02450131277883, 134.38625574478607, 64.06500937404103
3.87715738583939, 403, 1.2447629493037902e+29, -5.70883903537474e+28, 7.364838509936077e+28, -60.01014922425402, 134.41952439268044, 63.9917166293585
3.862398663056635, 404, 1.5197832780735594e+29, -5.481291764276953e+28, 8.475940952072296e+28, -60.07342553960836, 134.50368925607415, 63.94828604246644
3.847684601514217, 405, 1.5220651505359057e+29, -5.488357647883639e+28, 7.7216607511017975e+28, -60.12193660444248, 134.598386937512, 64.13163872568872
3.8330150660631555, 406, 1.586305229388183e+29, -5.2894364252747615e+28, 9.478959614975984e+28, -60.17474568987708, 134.68307875828012, 64.33108125291349
3.818389921963437, 407, 1.4904468790054771e+29, -6.666637567713615e+28, 1.0786354188018566e+29, -60.19070478491531, 134.6897220548892, 64.2135266410576
3.8038090348827867, 408, 1.1601698923358394e+29, -6.588419116997361e+28, 8.324421611261046e+28, -60.27487485499307, 134.80063697976286, 64.4653381273091
3.789272270895432, 409, 8.664723341715028e+28, -6.020813821186487e+28, 5.028921023755676e+28, -60.43758200821934, 134.9080506066659, 64.72167298058656
3.7747794964808703, 410, 4.386857831265379e+28, -6.464291029132638e+28, -1.4679934695468846e+27, -60.4984391435967, 135.03374208816894, 64.82059644343569
3.7603305785226446, 411, 2.4482728731963072e+28, -6.428149702399929e+28, -2.4479596273442183e+28, -60.47613653889086, 135.13434050913943, 64.94463867397151
3.745925384307122, 412, 2.6777340826318905e+28, -5.188917211995246e+28, -2.134060939602362e+28, -60.49329102301974, 135.03158742374856, 64.99195283168768
3.7315637815222713, 413, 4.371765800682866e+28, -4.458383632840341e+28, -1.0483462410244827e+28, -60.49220692359354, 135.04880974630098, 65.0178200837286
3.717245638256446, 414, 8.117155307153786e+28, -4.233269697600739e+28, 3.919076630881814e+28, -60.48464007562791, 135.0811750781218, 65.07372083599999
3.7029708229971874, 415, 1.0961671127168464e+29, -4.286842130317297e+28, 7.092189928156361e+28, -60.51164771463233, 135.10271987052633, 65.16450106503378
3.688739204629994, 416, 1.0782430529662822e+29, -5.742183514515821e+28, 1.0383511686083079e+29, -60.525860535047606, 135.13415838905607, 65.25032153969703
3.6745506524371354, 417, 9.012497601841153e+28, -7.229882629122491e+28, 1.0175630352230707e+29, -60.61595370388152, 135.1687267043607, 65.36301429332433
3.6604050360964413, 418, 7.425463097467938e+28, -8.009567263749017e+28, 8.784844779021851e+28, -60.68245261550897, 135.16121492079412, 65.42092790206218
3.646302225680108, 419, 6.765059657395082e+28, -6.280047971801095e+28, 3.6444389656281133e+28, -60.82910398865779, 135.06639701193424, 65.70775948040786
3.632242091653511, 420, 7.7038316965686525e+28, -5.406337930976107e+28, 1.794343860991883e+28, -60.96357369835816, 134.9157855571439, 65.834317421159
3.6182245048740027, 421, 5.413487377716131e+28, -3.3687603027738657e+28, -2.1678406682109533e+28, -61.14498148422746, 134.92706699077064, 66.07499256909588
3.60424933657041, 422, 6.3882283157051115e+28, -2.639977173546806e+28, -1.418867915032052e+28, -61.21560298153479, 134.94612470393002, 66.23787782341356
3.590316458419207, 423, 5.20622055651021e+28, -2.363362862777354e+28, 1.2880450961536744e+27, -61.27841260579835, 134.90791214988462, 66.3819506552665
3.576425742427219, 424, 5.258206790446157e+28, -3.223438524339319e+28, 1.7747601115885894e+28, -61.3414579635704, 134.88739450399214, 66.53055526173304
3.562577061007903, 425, 6.614255165411415e+28, -4.685726091668983e+28, 2.290576734511499e+28, -61.36477885109199, 134.86784159386445, 66.67393666446472
3.5487702869608144, 426, 9.675650433563444e+28, -5.043431694037223e+28, 6.768933027428232e+28, -61.36418840301871, 134.81664557460508, 66.72978103624119
3.535005293470424, 427, 7.138236847937626e+28, -4.336392689303578e+28, 4.117518277849832e+28, -61.443085739994075, 134.83365074024806, 66.95069891023523
3.521281954104958, 428, 5.074662985926701e+28, -6.492460140380105e+28, 9.04260126379047e+28, -61.4333272619156, 134.83026515686694, 67.09492858616397
3.5076001428152406, 429, 5.245699098987716e+28, -4.8952192479406945e+28, 5.146306785505845e+28, -61.482887503951105, 134.85587338671476, 67.33280067524548
3.4939597339335267, 430, 3.8268498421958697e+28, -6.444198504163327e+28, 2.02639186785703e+28, -61.48298156778046, 134.82558523858918, 67.52402256739977
3.4803606021723557, 431, 3.141417921088691e+28, -5.8209900185210685e+28, 5.056134636391134e+27, -61.50808449901289, 134.8341548741136, 67.55013295793539
3.466802622623403, 432, 5.3811143585460885e+28, -4.3398015872582726e+28, -1.1283486894940638e+28, -61.57356807002346, 134.8828385553581, 67.6610104543248
3.45328567075632, 433, 5.979525533425325e+28, -3.164624172611996e+28, -2.089504471294977e+28, -61.62475889195563, 135.0149683049878, 67.66447578191779
3.4398096224175996, 434, 8.220309695089506e+28, -3.4144353770828025e+28, 2.221449764771584e+28, -61.58391279485639, 135.08987754385663, 67.63147114414048
3.426374353829442, 435, 9.23379635594257e+28, -3.203692874444974e+28, 2.681153132742755e+28, -61.61125074186112, 135.13931962280827, 67.67950538610043
3.412979741588602, 436, 7.5576007106265625e+28, -5.247729216343264e+28, 3.847708583160307e+28, -61.52132358384486, 135.18103149829895, 67.77184840719643
3.399625662665267, 437, 9.561144303543217e+28, -5.146601409044026e+28, 6.91879627817191e+28, -61.39755386529278, 135.20542994230777, 67.86610432864056
3.386311994401926, 438, 1.1406747859923313e+29, -3.2372969861401914e+28, 4.472843724497289e+28, -61.376511364829916, 135.269386938373, 67.89742750591672
3.373038614512234, 439, 1.1820856735237451e+29, -4.411887857512348e+28, 7.638069765380221e+28, -61.14063462923644, 135.5175830329786, 67.7510350187768
3.359805401079906, 440, 5.926461004350133e+28, -3.936603860155698e+28, 1.989193448810009e+28, -61.08104974630794, 135.6698042743044, 67.83275959403241
3.346612232557578, 441, 4.24746736873593e+28, -4.363615693438653e+28, 4.061843779609956e+27, -61.039941497738134, 135.79119418687353, 67.88706861668454
3.3334589877657006, 442, 3.3421390294939932e+28, -6.864747924266525e+28, 5.322859070359456e+28, -60.95633454932674, 135.92072340835907, 67.87544358140211
3.3203455458914313, 443, 1.885225090285267e+28, -6.924077344855897e+28, 4.405133581332485e+28, -60.983686863852334, 135.98944129282418, 67.99212978875478
3.307271786469429, 444, 6.158599989600216e+28, -6.69815502882027e+28, 7.093703341012456e+28, -60.91914489931476, 136.01562460650555, 68.0662221057827
3.2942375894531395, 445, 9.567486030629213e+28, -5.265043814275656e+28, 7.729616676626649e+28, -60.8711615770995, 136.00589824490805, 68.16958644460854
3.281242835105034, 446, 8.16753441271342e+28, -3.976491050336647e+28, 4.455352891460727e+28, -60.744164404877125, 135.90603797651838, 68.32089960642911
3.2682874040680066, 447, 1.4239329074442128e+29, -1.2850985737603982e+28, 3.965553034447149e+28, -60.737809735602816, 135.91532048955224, 68.30458322829433
3.255371177346131, 448, 8.623196541500532e+28, -2.5786462150480078e+28, 3.4378250038862984e+28, -60.80917949600103, 135.87427247004433, 68.39735731718434
3.2424940363035795, 449, 5.416092625903556e+28, -3.8455975647681165e+28, 1.959871765412135e+28, -60.69261146849128, 135.71081239141287, 68.43504669963801
3.229655862663522, 450, 3.5954328003381302e+28, -4.534952206322521e+28, 2.621422171509331e+27, -60.81262284554535, 135.71142846188377, 68.40700980185893
3.216856538507045, 451, 3.1051059923861497e+28, -4.621487430949562e+28, 1.9986646778378343e+28, -60.82108760553604, 135.6537093925621, 68.4314222889517
3.2040959462720737, 452, 3.3802494482593874e+28, -5.7021522988239615e+28, 3.1489501315504935e+28, -60.861055820633595, 135.61278233538332, 68.50162049291141
3.1913739687522824, 453, 4.891783603156411e+28, -5.126842164573364e+28, 2.0821244865854945e+28, -61.07812320861654, 135.63998417359068, 68.5762461906859
3.178690489096022, 454, 9.852919587119854e+28, -4.399029522947136e+28, 4.663447991116735e+28, -61.20664638665597, 135.67176890093864, 68.56994312671127
3.16604539080525, 455, 9.682604819801448e+28, -3.911729571312342e+28, 4.233569592293873e+28, -61.360245864807574, 135.71763046419468, 68.60241207225758
3.1534385577344555, 456, 8.996632924563385e+28, -4.61107193411717e+28, 4.935318676985135e+28, -61.504949980204046, 135.83555300516412, 68.51363672954285
3.140869874089594, 457, 7.980636693232565e+28, -5.830921192329121e+28, 6.755328796926593e+28, -61.560583781844784, 135.97627630835026, 68.55633841609493
3.1283392244270276, 458, 5.661811492980896e+28, -5.245909079714623e+28, 3.3568024467822836e+28, -61.821732675020755, 136.12838959054378, 68.61752901172025
3.115846493652459, 459, 4.142958834308603e+28, -5.046378321987538e+28, 2.6948502435969427e+28, -62.044890073718314, 136.3121656601362, 68.62708247212004
3.103391567019874, 460, 4.050087702026304e+28, -5.104289197941712e+28, -2.584787506010598e+27, -62.193041832588285, 136.44851564270243, 68.60966429059157
3.090974330130498, 461, 5.329156520020293e+28, -4.971830275626966e+28, -2.8617488406758503e+28, -62.35017744462135, 136.63040034152934, 68.58847754781033
3.0785946689317276, 462, 6.863020602819201e+28, -3.994948783437529e+28, -2.546125393880464e+26, -62.45095616780445, 136.80652699879835, 68.55752352450442
3.066252469716103, 463, 6.520552098991088e+28, -3.628306154509351e+28, 2.665236338516427e+28, -62.53904814130167, 136.977789600915, 68.530292193878
3.0539476191202466, 464, 9.208215202001716e+28, -2.9877994513485714e+28, 3.832455342283394e+28, -62.74102143984263, 137.0994837383733, 68.50714236848485
3.0416800041238288, 465, 1.1080197848895355e+29, -3.942143311155095e+28, 7.794822052850814e+28, -62.831114709295456, 137.2002518679705, 68.42006114840028
3.029449512031622, 466, 8.966319618370586e+28, -5.285813792756948e+28, 9.840244389696367e+28, -62.90972504116233, 137.25785956061026, 68.27047938597157
3.0172560305401595, 467, 3.4410666943664957e+28, -6.396515977234235e+28, 4.6429190884293435e+28, -62.992607784413195, 137.3495157108511, 68.1559724350839
3.005099447635077, 468, 3.9495329202544736e+28, -5.340592415048598e+28, 4.691342705145882e+28, -63.02990279147562, 137.51826220323716, 68.10011213976905
3.00000000000869, 469, 3.3749713460911678e+28, -5.590302329701118e+28, 4.526638170327082e+28, -63.10495281520775, 137.5709664973066, 68.05828855535455
2.992979651657887, 470, 2.2736755856907225e+28, -5.383774999887286e+28, 3.6810953400160235e+28, -63.199769582290806, 137.5858317192804, 67.9793414367472
2.980896531287996, 471, 3.5289828709595284e+28, -3.370698322716461e+28, 2.8407675652295467e+28, -63.314414120031685, 137.71752210447835, 67.85586179172687
2.96884997554167, 472, 6.448495109773053e+28, -4.1667283087663435e+28, 3.138676319086459e+28, -63.447493226911526, 137.87556663132548, 67.7658311627393
2.9568398737710293, 473, 9.062390452034939e+28, -3.5620832974908687e+28, 4.389090150401115e+28, -63.54324625073943, 138.15351381375405, 67.72296651752423
2.944866115663019, 474, 1.1480934321001236e+29, -4.155757742604424e+28, 7.146362528895959e+28, -63.62595277776312, 138.31804586828815, 67.71906411309395
2.932928591238402, 475, 9.633385174810328e+28, -4.068731085655832e+28, 8.499540472224766e+28, -63.74125988614749, 138.43533309361973, 67.74571999747965
2.9210271908507517, 476, 4.1693498705895125e+28, -6.40107061140638e+28, 5.47459502855055e+28, -63.82644907260245, 138.51977513335862, 67.70738657440357
2.9091618051854398, 477, 3.805546881172548e+28, -4.665543607136897e+28, 3.4331669533390672e+28, -63.994739050946606, 138.41026480962293, 67.63273825671004
2.897332325258631, 478, 3.3594722555739005e+28, -4.195412825004176e+28, 2.9232130894367127e+28, -64.20787993666846, 138.3693510586414, 67.53724449658391
2.885538642416292, 479, 8.05394838119718e+28, -1.0826321763140542e+28, 4.84555658971777e+28, -64.62207903846004, 138.29716671056818, 67.40537955970692
2.8737806483331805, 480, 8.687089175106939e+28, -4.2353279454836435e+28, 5.929060130451479e+28, -64.90527710066144, 138.16259589556705, 67.4162058060698
2.862058235011856, 481, 1.3069179523853999e+29, -2.9243063063485713e+28, 4.710351349849953e+28, -65.19627432685792, 138.1051892814186, 67.42126862580105
2.8503712947816946, 482, 1.2232326953305319e+29, -4.812890949104768e+28, 8.303554014463463e+28, -65.36540164913824, 138.04523829538087, 67.42738879969482
2.838719720297887, 483, 7.671621448379748e+28, -4.558994108467387e+28, 9.200245789857584e+28, -65.51939534926167, 138.07462424427973, 67.43302507850338
2.82710340454046, 484, 2.91061158664043e+28, -5.014431392860362e+28, 6.949629810787982e+28, -65.88637927433498, 138.194767618947, 67.55708206791873
2.815522240813297, 485, 1.3762166369412887e+28, -4.279169683236223e+28, 2.0430690467426324e+28, -66.15237972015974, 138.34966039965556, 67.68632782922442
2.8039761227431463, 486, 2.195054986682866e+28, -6.1804153082337e+28, -1.1353974495546313e+27, -66.35100452157144, 138.50449901138973, 67.79717605170785
2.7924649442786595, 487, 2.648581769435893e+28, -4.767531342126128e+28, 2.2807037613519796e+28, -66.5671442633385, 138.72491237658178, 67.95111205743407
2.7809885996735337, 488, 9.584861229278544e+28, -1.5111329057128584e+28, 3.0524076608482735e+28, -66.9582712269151, 138.85870827892668, 67.8795764732008
2.769546983549076, 489, 1.0467603261568485e+29, -4.95718122671519e+28, 8.464179258685508e+28, -67.19494200977458, 139.09895227800564, 68.02450216490199
2.7581399907978668, 490, 1.1504549196630277e+29, -3.1149058072625082e+28, 6.445008571405998e+28, -67.44250496202086, 139.2492857476699, 67.97052256187112
2.746767516646425, 491, 8.45403521723191e+28, -3.006393731428985e+28, 5.4838682486215345e+28, -67.54341289086004, 139.43190641663605, 67.97986926179563
2.735429456638321, 492, 4.347875612017016e+28, -3.594819333389727e+28, 1.3131757010554152e+28, -67.62090331419489, 139.59521617552443, 67.93354665993742
2.7241257066332185, 493, 1.972701480678636e+26, -5.078522278566191e+28, 3.1278528472014014e+27, -67.6398291329322, 139.81360793264932, 68.04981279604118
2.712856162805923, 494, 5.826298246089033e+26, -4.071068560519312e+28, -8.956448926164934e+27, -67.68474611506456, 139.93592318763822, 67.952092471711
2.7016207216454218, 495, 2.6228407619902596e+27, -4.477742327889741e+28, -4.5700637171610626e+27, -67.71727774004596, 140.11142305225624, 68.0472645713626
2.690419279953939, 496, 2.3177668793735515e+28, -5.114970186486299e+28, 2.9652653491527127e+28, -67.79449687315291, 140.24921372311545, 67.96187244006177
2.679251734845981, 497, 3.7640911324671307e+28, -4.011693956383736e+28, 4.765126066983509e+28, -67.81985336431084, 140.4591937417483, 67.85932111357009
2.6681179837473943, 498, 4.7481374512619496e+28, -4.47953197023032e+28, 6.897878466636517e+28, -67.84564202437048, 140.7550199665613, 67.76132996616643
2.6570179243944296, 499, 4.423896624517034e+28, -5.094946992025658e+28, 6.134155665472748e+28, -67.91445612524996, 140.96194365143072, 67.6254828394093
2.645951454832793, 500, 6.528503339824321e+28, -1.4020610924373907e+28, 1.3094582174314603e+28, -68.03847720683274, 141.20609461147774, 67.53999702742979
2.634918473416713, 501, 2.5624353865390955e+28, -2.6276025195891298e+28, 4.478140033446346e+28, -68.13564092985594, 141.40174566428246, 67.54098576677863
2.62391887880801, 502, 8.816299626496578e+27, -6.140183160983383e+28, 8.439006330038623e+28, -68.23019235222405, 141.6503644179863, 67.59393263897496
2.612952569975162, 503, -3.4462929548302875e+28, -8.735978840792946e+28, 2.4507851750342674e+28, -68.62483155456901, 142.04546044530284, 67.71113497008015
2.602019446192376, 504, -6.75957941327495e+27, -5.125143350609449e+28, 1.3251787193588253e+28, -68.79731038669271, 142.27276030320107, 67.57563538296866
2.591119407038668, 505, 3.4669023567493243e+28, -1.5656379214274484e+28, 1.3891174407606697e+28, -68.88964800577601, 142.45893736629367, 67.40418490278337
2.580252352396934, 506, 3.4011930697944456e+28, -1.0156448493968167e+28, -9.292107998011138e+27, -69.03614283347562, 142.85409035212123, 67.49630514414531
2.569418182453032, 507, 4.201765835291496e+28, -1.495226391245558e+28, 9.474774757066742e+27, -69.06339663249963, 143.33553358300802, 67.66281780921211
2.558616797694873, 508, 6.604697192825021e+28, -2.4184690403513572e+28, 7.850286152367991e+28, -69.08676174918192, 143.88075919351476, 67.84671092345921
2.5478480989114933, 509, 3.6641804500685752e+28, -4.401995582281944e+28, 9.845171533375678e+28, -69.14211227180147, 145.0492304194631, 68.555333101803
2.5371119871773096, 510, 3.562958575437698e+27, -3.967887106426045e+28, 5.669590424627261e+28, -69.20568513855257, 145.6548750015923, 68.6610142335445
2.5264083639106336, 511, -3.2475890856520826e+28, -4.719363919611983e+28, -1.0503542840916193e+28, -69.7236248952676, 148.11352786124445, 70.2579480233396
2.5157371307835557, 512, -7.515800199683812e+27, -2.859999389353924e+28, 1.0711472865210759e+28, -70.13568498413497, 150.4699206398925, 72.00316476838378
2.5050981897805578, 513, 3.9786738466622655e+28, -1.7804360040131565e+28, 5.889152328779457e+28, -70.82049784725838, 153.91564351204389, 75.07383988514457
2.494491443182733, 514, 4.821794790051404e+28, -4.559577575277103e+28, 1.0363445967738851e+29, -71.51072887845756, 156.52684665677913, 77.83391238693902
2.4839167935668756, 515, 5.906924366944571e+28, -3.5211578658931464e+28, 6.7454819770569435e+28, -71.94645863559121, 157.42759796903326, 78.55973993886151
2.4733741438045906, 516, 5.24137462416685e+28, -2.592776811461118e+28, 5.413002620360453e+28, -72.318244501697, 157.8454321643626, 78.70372139332757
2.462863397061408, 517, 3.2097332041547076e+28, -1.3270506511763963e+28, 1.9080246257707255e+28, -73.00863914642791, 158.3962036659821, 79.22384742401465
2.4523844567958815, 518, 1.5573404601630801e+28, -1.2049239888894781e+28, 1.8561945447280028e+28, -74.02041569823216, 158.50564943379493, 78.95953743597437
2.4419372267587125, 519, -3.3200971228950054e+28, -3.2998361015513043e+28, 1.1582166194170964e+28, -74.68836431976789, 159.0007282042203, 79.46402902809695
2.431521610991859, 520, 1.8961480030556632e+28, -2.6609066301269603e+28, 3.37457425282424e+28, -75.79618315539776, 159.0456650397894, 79.41511138044868
2.4211375138276554, 521, 7.09776185793298e+27, -2.6813588796284362e+28, 2.9184457876251794e+28, -76.39098422474069, 159.15396943337473, 79.69053075438232
2.410784839887941, 522, 3.3030870961290534e+27, -1.8221990718217259e+28, 1.3002033359094365e+28, -77.03913858983434, 159.07910133667343, 80.03735239992189
2.4004634940831724, 523, 3.9051028191555524e+28, -2.874756047309816e+28, 3.30029593637015e+28, -77.50819704643197, 159.12072728287188, 80.31810006571529
2.390173381611557, 524, 3.171079314070739e+28, -2.5350789074726556e+28, 2.862265295203837e+28, -77.93331173011704, 159.21729069582608, 81.19403770092086
2.3799144079581835, 525, -1.0722052264934224e+26, -4.209205868972694e+28, 5.76863950502376e+28, -78.54384339406741, 158.2914992740917, 84.71326108182276
2.3696864788941503, 526, 6.366166200315733e+27, -2.659700831225492e+28, 5.478763437407455e+28, -78.96636482792017, 158.04562422337642, 85.93284885641067
2.3594895004756973, 527, 4.1397577454388475e+28, -2.205908795681314e+28, 2.0879440815821644e+28, -79.3586831035534, 158.04257754883068, 86.6536388530295
2.3493233790433528, 528, 2.5354343559651917e+28, -1.682882824005655e+28, -1.0423140949096087e+28, -79.71808686859774, 158.02603785805175, 87.64373597620298
2.3391880212210645, 529, 2.8970975643223503e+28, 3.993157537826857e+27, -3.071096594922512e+27, -80.04214496662449, 158.23814719327925, 88.21048860730693
2.3290833339153414, 530, 1.8564627490503966e+28, -1.3462460191818152e+28, 5.372547577847786e+28, -80.29518612838021, 158.59233329927133, 89.09321345074524
2.3190092243144083, 531, -2.539837703690468e+28, -6.1873638407069446e+28, 1.0859615665295218e+29, -80.60581130690996, 158.89274973091347, 89.77542593076248
2.308965599873453, 532, 5.303397035299693e+27, -3.6843679900433253e+28, 4.95563652661842e+28, -81.03255360005241, 159.20343710575503, 90.37774834653273
2.298952368369379, 533, 2.423460643664993e+29, -6.445260882023295e+28, 1.7650496772605854e+29, -81.59772034572222, 159.44186092342562, 90.74262626051268
2.288969437816504, 534, 3.8201818528365716e+29, -1.5188408029600184e+29, 2.8797448229193715e+29, -82.10463762255965, 159.71450333343674, 91.12812815895323
2.2790167165213866, 535, 3.000376655924694e+29, -1.6625419144862966e+29, 2.3043644503621815e+29, -82.4922523961715, 160.01946865215237, 91.50712761212692
2.2690941130680558, 536, 1.7406305530921415e+29, -1.3262628839595786e+29, 1.1879211347851096e+29, -82.78916163172558, 160.34978205741334, 92.15093932891872
2.259201536317182, 537, 1.4447302761139392e+29, -1.9572742521948803e+29, 1.1433666635183326e+29, -83.04241526042506, 160.7112815095813, 92.74072033223003
2.249338895405225, 538, -2.5852840435330305e+28, -1.4226859173823078e+29, 4.270492339659613e+28, -83.31861676020235, 161.00614075005805, 93.0610028040289
2.239506099743606, 539, -8.110692634551738e+28, -7.002116071740762e+28, 1.328374302496662e+27, -83.47719120103491, 161.23985306883802, 93.20779866478368
2.2297030590178797, 540, 3.8148016985402215e+28, -2.431268538531024e+28, 1.1613845483564594e+28, -83.7264835145499, 161.52553357251875, 93.39499042051553
2.219929683186896, 541, 2.1306685745414986e+28, -1.180655768390021e+28, -1.1384417859860164e+28, -83.84586636770752, 161.86970273968046, 93.8514362923154
2.210185882481982, 542, 6.169647682975358e+28, -1.6460310836179098e+28, 2.3395092397342463e+28, -83.97950118699607, 162.14746999106174, 94.1111665645381
2.200471567406109, 543, -8.191903740074134e+27, -6.485487227680365e+28, 5.89514966874824e+28, -84.19076044663922, 162.48123652465492, 94.52396515201126
2.1907866487330745, 544, -1.278040160539516e+28, -4.7395688152242785e+28, 4.708547108341564e+28, -84.3159628349904, 162.82770226084583, 94.89912714980512
2.1811310375066877, 545, -4.144927732039086e+27, -1.076412998069842e+28, -2.7013368596078653e+28, -84.44682920428711, 163.2511025000515, 95.31225420833782
2.1811310374999917, 546, 1.9461821120643392e+28, -1.999706468865383e+29, -1.1555344659427642e+29, -89.7049810522904, 160.9790771136318, 83.82357718982722
2.171504645032481, 547, 1.12743703640026e+27, -1.529874601512593e+28, -2.4421133672530123e+28, -84.57770193205644, 163.65442857699585, 95.5753560933125
2.1619073829059867, 548, -3.5982849298114703e+28, -2.0115088117168784e+28, -4.400091667586451e+28, -84.37244926944005, 164.24475188022748, 95.64934524615065
2.15233916296944, 549, -2.339496613609988e+28, -1.6311017232248242e+28, -3.8040194076745667e+28, -84.23432536945003, 164.85486641547243, 95.73110126472181
2.14279989733853, 550, 3.0743895811326935e+28, 3.0428227420586786e+28, -3.797936211565145e+28, -84.28999102108148, 165.26803962374788, 95.77502934837554
2.1332894983948854, 551, 3.409289785235742e+28, 3.2110927298738152e+28, -4.577697299298199e+28, -84.30600561306055, 165.6732727612677, 95.94545202162234
2.123807878785282, 552, 2.919356044480209e+28, 7.430591770135695e+26, -8.270857366393455e+28, -84.46509638430587, 166.02185693406935, 96.09818740139823
2.1143549514208306, 553, 7.569381331322183e+28, -3.990971295741293e+28, -1.2733412570190485e+29, -84.49040243519687, 166.37196106908004, 96.34685657240705
2.104930629476183, 554, 1.1678816025543002e+29, -6.224669943273363e+28, -1.5874844014547053e+29, -84.58472263403499, 166.7466696613962, 96.68168627591217
2.095534826388731, 555, 1.4599510950569879e+29, -7.840248197773529e+28, -1.5373977009368423e+29, -84.76604723610698, 167.0245821476873, 96.74466469668381
2.0861674558578134, 556, 2.2142472430746256e+29, -1.0885508672936796e+29, -5.851605703669849e+28, -84.8841871062217, 167.28402798806508, 96.79726200800056
2.0768284318471615, 557, 3.0840027952014092e+29, -1.679225280663539e+29, 1.0265464503321424e+29, -85.02369277981948, 167.62313865803654, 97.04366827984445
2.067517668571143, 558, 2.1025370875347335e+29, -2.016807475848579e+29, 1.2500396468140096e+29, -85.06298152376678, 167.86827498100996, 97.06036578788967
2.058235080513439, 559, 1.9792156557714953e+29, -2.4238675080741556e+29, 1.695608627927057e+29, -85.07290597951832, 167.89083312346278, 96.75866289947412
2.0489805824132707, 560, 1.778399862990007e+29, -2.981239790375823e+29, 1.995076639583725e+29, -85.01610055883395, 167.9865636882921, 96.56053681182857
2.039754089267865, 561, 1.3332588218498367e+29, -2.317036937547431e+29, 1.7031785158557088e+29, -84.50108857223428, 167.4993481567081, 95.50006333505672
2.030555516331678, 562, 1.0487818883232747e+29, -2.7102566620716735e+29, 1.851321897644997e+29, -82.73891515982876, 165.71605508359104, 92.55663759323524
2.021384779115611, 563, 1.0846087321995766e+29, -2.9335727877931357e+29, 1.640517138205964e+29, -81.50029112164582, 163.64426558520975, 88.79166763553789
2.0122417933862375, 564, 9.560500224604723e+28, -1.6863661424707956e+29, 1.038365032963876e+29, -81.23223275558134, 163.28539721363285, 87.94426185407261
2.0031264751650295, 565, 2.8583925744829184e+28, -2.0760610322228696e+29, 4.353384981588736e+28, -81.04032379170613, 162.9737092818203, 87.19906091636282
2.0000000000018687, 566, 3.221344730699276e+28, -2.0099882369255856e+29, 3.2519573557804326e+28, -81.02199504227416, 162.9514302343964, 87.07510342331688
1.9940387407275857, 567, 5.392280783670333e+28, -2.315654444174205e+29, 3.3197878483526657e+28, -81.018580207111, 162.87927776242222, 86.80028055972492
1.9849785066028627, 568, 1.4495512679338618e+29, -1.6771106026583966e+29, 4.1902727853691e+28, -81.09560362007373, 162.72855425693848, 86.32028796963121
1.9759456895724061, 569, 1.7717922517098034e+29, -1.5089048917540702e+29, 1.0933970619949588e+29, -81.14962533799107, 162.59096620526404, 85.89390196613476
1.9669402066695914, 570, 7.768665647791242e+28, -1.3216697239904245e+29, 2.563263128171917e+28, -81.49271672555119, 162.52273636666308, 85.61112632234452
1.9579619751788555, 571, 1.4916520887696892e+29, -9.562183991560611e+28, 3.555944080436707e+28, -82.34182219037869, 162.27511479419965, 85.13257030032356
1.9490109126349426, 572, 1.730238774593434e+29, -1.2749154554424953e+29, 9.287264338753425e+28, -82.90638559085198, 161.68027658507796, 84.47558848083514
1.9400869368221438, 573, 1.5343175787391064e+29, -1.6198166583068826e+29, 1.695274063435669e+29, -83.17457764373127, 161.55020254961354, 84.16780014553069
1.93118996577354, 574, 7.389289311655805e+28, -9.119442719584625e+28, 3.1261451979981057e+28, -83.50899072913907, 161.47314371024424, 84.04336951602765
1.9223199177702552, 575, 1.4102125872744718e+29, -1.1830679788850841e+29, 5.388385249470121e+28, -83.69957684256713, 161.52034380992566, 83.91216599714969
1.9134767113406999, 576, 2.2690146766987562e+29, -1.4976327111475657e+29, 1.430240537873398e+29, -83.69662397606633, 161.45285566803355, 83.78120462744945
1.9046602652628808, 577, 1.9608124601462818e+29, -2.2918904872289822e+29, 1.860222798159582e+29, -83.69187529362814, 161.43922857542225, 83.71442630746277
1.8958704985514228, 578, 8.402596878428969e+28, -1.5160775852570421e+29, 6.20673024341167e+28, -83.93682494309284, 161.48112104188843, 83.60780020137648
1.887107330475187, 579, 8.619387969452053e+28, -1.1627765709699054e+29, 4.485445293930588e+28, -84.04913201528987, 161.4736296761056, 83.5164127598059
1.8783706805442804, 580, 1.0470902274831128e+29, -1.0790795311182419e+29, 9.897499624575683e+28, -84.19234040599103, 161.4539916191784, 83.37284081302626
1.8696604685123765, 581, 1.0386115105495921e+28, -8.935446674492517e+28, 1.1449873807030787e+28, -84.34201825743791, 161.4093937897803, 83.12755022298589
1.8609766143759847, 582, -3.974056397661119e+28, -1.3465909205333716e+29, -4.9208232065222195e+27, -84.3927411943904, 161.3467795623572, 83.08005431076688
1.8523190383737096, 583, -3.283662724933455e+27, -1.2880157824436325e+29, 4.117579586822345e+28, -84.66760844390909, 161.42057571606054, 82.85597233303248
1.8436876609855224, 584, 1.3564111763560403e+29, -1.5195670400219609e+29, 2.1194683473258026e+29, -84.7698084032782, 161.46828118083462, 82.71472646300239
1.8350824029320294, 585, 2.4939178671286774e+29, -1.7381382526914867e+29, 2.8546402124516556e+29, -84.88306982186577, 161.5284769145566, 82.52789465224092
1.8265031851737423, 586, 2.5935311571958874e+29, -1.7064014735688388e+29, 3.335923105318525e+29, -84.82433451634046, 161.65512587828783, 82.53513855408887
1.8179499289103558, 587, nan, nan, nan, nan, nan, nan
1.8094225555800185, 588, nan, nan, nan, nan, nan, nan
1.8009209868586171, 589, nan, nan, nan, nan, nan, nan
1.7924451446590521, 590, nan, nan, nan, nan, nan, nan
1.7839949511305244, 591, nan, nan, nan, nan, nan, nan
1.7755703286578166, 592, nan, nan, nan, nan, nan, nan
1.7671711998605835, 593, nan, nan, nan, nan, nan, nan
1.75879748759264, 594, nan, nan, nan, nan, nan, nan
1.7504491149412513, 595, nan, nan, nan, nan, nan, nan
1.7421260052264285, 596, nan, nan, nan, nan, nan, nan
1.733828082003099, 597, nan, nan, nan, nan, nan, nan
1.7255552690488916, 598, nan, nan, nan, nan, nan, nan
1.7173074903807182, 599, nan, nan, nan, nan, nan, nan
1.7090846702425484, 600, nan, nan, nan, nan, nan, nan
1.7008867331075965, 601, nan, nan, nan, nan, nan, nan
1.6927136036776247, 602, nan, nan, nan, nan, nan, nan
1.684565206882259, 603, nan, nan, nan, nan, nan, nan
1.6764414678782904, 604, nan, nan, nan, nan, nan, nan
1.6683423120489964, 605, nan, nan, nan, nan, nan, nan
1.6602676650034494, 606, nan, nan, nan, nan, nan, nan
1.6522174525758353, 607, nan, nan, nan, nan, nan, nan
1.6441916008247732, 608, nan, nan, nan, nan, nan, nan
1.6361900360326365, 609, nan, nan, nan, nan, nan, nan
1.6282126847048728, 610, nan, nan, nan, nan, nan, nan
1.620259473569332, 611, nan, nan, nan, nan, nan, nan
1.6123303295755926, 612, nan, nan, nan, nan, nan, nan
1.6044251798942901, 613, nan, nan, nan, nan, nan, nan
1.596543951916447, 614, nan, nan, nan, nan, nan, nan
1.5886865732528088, 615, nan, nan, nan, nan, nan, nan
1.5808529717358941, 616, nan, nan, nan, nan, nan, nan
1.5730430754084561, 617, nan, nan, nan, nan, nan, nan
1.5652568125391473, 618, nan, nan, nan, nan, nan, nan
1.557494111610969, 619, nan, nan, nan, nan, nan, nan
1.5497549013233405, 620, nan, nan, nan, nan, nan, nan
1.5420391105914422, 621, nan, nan, nan, nan, nan, nan
1.5343466685455636, 622, nan, nan, nan, nan, nan, nan
1.5266775045304528, 623, nan, nan, nan, nan, nan, nan
1.519031548104667, 624, nan, nan, nan, nan, nan, nan
1.5114087290399252, 625, nan, nan, nan, nan, nan, nan
1.5038089773204648, 626, nan, nan, nan, nan, nan, nan
1.4962322231423952, 627, nan, nan, nan, nan, nan, nan
