z, snapnum, center_x, center_y, center_z, Rvir
9.311404489009968, 059, 4132.7680856454945, 4229.923527346427, 4142.968569104652, 0.21394631808440556
9.227040307082937, 060, 4166.188742426303, 4264.80316595393, 4177.677654456638, 0.2908534591311571
9.141987905311261, 061, 4200.413682892549, 4300.531546509534, 4213.241722851865, 0.23128430684114148
9.058338387722731, 062, 4234.775373648921, 4336.284752104761, 4248.7679114139, 0.12534934996975666
9.000000000000002, 063, 4259.058145376352, 4361.66100352578, 4273.882482805822, 8.344398517977721
8.976057536985792, 064, 4269.121070394229, 4372.1036281731085, 4284.260421497726, 0.26316043543959755
8.893153938683717, 065, 4304.380641748387, 4408.686747976985, 4320.528991367091, 8.348032512744656
8.811617024284534, 066, 4339.7490016020865, 4445.31209537863, 4356.691999166721, 0.23117199250360984
8.731413042290935, 067, 4375.110776404942, 4481.997876912013, 4392.740368986853, 8.46299702805995
8.650646640832445, 068, 4411.429401100975, 4519.594777182772, 4429.547196613649, 8.629729081128508
8.571209804115838, 069, 4447.777756294846, 4557.3316762107315, 4466.30282782673, 0.3150878972068105
8.492168964780358, 070, 4484.550564715408, 4595.828506291491, 4503.397915428128, 0.24954300845119617
8.41353667611758, 071, 4521.819716132156, 4634.671105949577, 4540.82854160892, 0.2588577905555253
8.33619650053484, 072, 4559.10692645626, 4673.772920359519, 4578.182420987868, 0.22670785210524097
8.259259262862878, 073, 4596.818482003779, 4713.444047707338, 4615.877296411926, 9.675583678156517
8.182736517450303, 074, 4634.880281608155, 4753.811865285808, 4653.9748317831845, 10.040227715736544
8.10663879349832, 075, 4673.29741621367, 4794.906151690265, 4692.527657522241, 10.46531174953114
8.0317919212143, 076, 4711.645599782574, 4835.802053740325, 4731.137484685567, 10.53154442575657
8.000090003823503, 077, 4728.032691919558, 4853.340138247254, 4747.735122486102, 10.552313180738869
7.957362974305253, 078, 4750.372686885947, 4877.451432272399, 4770.430567857868, 0.2489343718793536
7.88336152648805, 079, 4789.401110124785, 4919.819226029266, 4810.2463541330735, 0.2795985647903119
7.810572699897744, 080, 4828.312663118753, 4962.056644616526, 4850.412232739121, 11.183743404267785
7.737439945040133, 081, 4867.984204649689, 5004.945696725728, 4891.649424511198, 11.338643934243533
7.665511313953168, 082, 4907.686371627547, 5047.989877715977, 4933.149296408856, 0.17862844097194122
7.594018606689225, 083, 4947.809442045695, 5091.312978617812, 4975.158217852076, 11.895182036158737
7.522969441749222, 084, 4988.452854193432, 5134.791872904349, 5017.963383160094, 0.18481122652521156
7.453085391044166, 085, 5029.155743539981, 5178.119494894028, 5060.546933201197, 12.338875272503168
7.382932351794869, 086, 5070.712265714618, 5221.959791503949, 5104.196422768719, 12.581716029707575
7.313934161663276, 087, 5112.276315565589, 5265.529727148191, 5147.074981027014, 12.881671758981609
7.2453826540711805, 088, 5154.137171454808, 5309.644714007289, 5190.717877364983, 12.92105994078415
7.177283518384952, 089, 5196.503807381248, 5354.506199410821, 5234.352054136648, 13.269298274522782
7.109642403212405, 090, 5239.170503425406, 5399.408094020796, 5278.1877720978455, 13.427632143524598
7.043111135784677, 091, 5281.869588228406, 5444.569020737747, 5321.856164187669, 0.15685460160163267
7.000000036560879, 092, 5309.796376972157, 5474.417612537338, 5350.260288968598, 13.59032729823451
6.976389936219738, 093, 5325.227574010798, 5491.14781635037, 5366.23125948347, 13.66530101352034
6.910766616444044, 094, 5368.595915745322, 5538.262061024901, 5410.52259423382, 13.941633527535535
6.845598665859808, 095, 5412.2665474468, 5585.680633194199, 5455.063026876475, 13.894174847708449
6.780890138916468, 096, 5456.443275406891, 5634.146839274378, 5500.80002645306, 14.172048212069997
6.71664481703821, 097, 5501.076486687078, 5683.063292873953, 5547.225363107525, 14.43602633875379
6.652866018254551, 098, 5546.26018722988, 5732.3003786129375, 5594.467293354928, 14.76357759608456
6.589556807163865, 099, 5591.918906107963, 5781.173859589793, 5642.212860563448, 15.079064495620825
6.527286430999764, 100, 5637.675189310637, 5829.915056852881, 5689.807013056186, 15.377824840793437
6.464914919349528, 101, 5684.350464238629, 5879.341971412067, 5738.579033085138, 15.635899525570757
6.403568572092624, 102, 5730.85529394407, 5928.44493758704, 5786.581688205491, 15.698865585632628
6.342683033303487, 103, 5777.776104356791, 5978.380307164649, 5834.687622670278, 16.123629661373727
6.281730161200075, 104, 5825.355575505287, 6029.3699104472535, 5883.187876678657, 16.27669889565636
6.221780934217616, 105, 5872.894923965298, 6081.003137540539, 5932.355166009972, 16.46030044976236
6.162297673718384, 106, 5920.82253696591, 6133.553164829238, 5981.994693755967, 16.83056019559515
6.103281750583045, 107, 5969.347578279297, 6186.2186714563, 6032.10050549988, 16.8144640396505
6.044734099380694, 108, 6018.308763892787, 6239.5142342843665, 6083.215808716018, 17.283266576676453
5.999860053326261, 109, 6056.475436843776, 6280.917101949068, 6123.3927284747515, 17.28777570739407
5.98665553343617, 110, 6067.840673419866, 6293.138967506142, 6135.266712359397, 17.62971766724975
5.928566521639082, 111, 6118.255342460551, 6346.675446625502, 6188.104675840572, 17.596728651464794
5.8714354735887975, 112, 6168.488027427469, 6399.910073640947, 6240.200811507168, 18.051585008780982
5.814774460195411, 113, 6218.988507759164, 6453.669531005119, 6292.613238871306, 18.109096682992703
5.758583449302941, 114, 6269.680650283169, 6508.373522015655, 6344.978806482401, 18.447834660186302
5.702862141673826, 115, 6320.730763203424, 6564.030533175152, 6397.438018351338, 18.594968591073318
5.647610208554671, 116, 6372.244018424206, 6620.73480353414, 6450.420169043195, 19.205328199646175
5.592827008794514, 117, 6424.522940587096, 6678.6223640719545, 6504.224859435366, 19.37688851486279
5.538511880839504, 118, 6477.338497725829, 6736.57468460599, 6559.707482997292, 19.964545175947723
5.484663808742741, 119, 6530.6904086293425, 6794.201882139148, 6615.889035551184, 20.22639998017413
5.430868198723511, 120, 6584.594781232739, 6851.5683582767, 6672.40396853657, 20.326916735026696
5.377957781317422, 121, 6638.096056414845, 6909.246989180144, 6728.361982200737, 20.463818554172207
5.325510794142546, 122, 6692.027457388071, 6967.514130252443, 6783.477785865377, 20.82549840230537
5.273132184253556, 123, 6746.866383227696, 7027.624918378733, 6839.5554251128615, 21.321425564350285
5.221226840161327, 124, 6802.401727619004, 7089.354698885636, 6896.711799299551, 21.578405311607977
5.1701734177364544, 125, 6858.230591575987, 7150.024704250891, 6954.919027619972, 22.231349428447952
5.119202070931737, 126, 6914.5146664233225, 7211.101510154549, 7014.600210494428, 22.751353470968688
5.068697707931097, 127, 6971.171990775754, 7271.978506732058, 7074.504961397256, 23.34893723364972
5.0186578818035015, 128, 7027.9546962750255, 7333.0647248245195, 7133.8130285499965, 23.93896515244801
4.999880045822979, 129, 7049.545708088882, 7356.065297318816, 7155.95995693452, 24.12413089013968
4.969080173895263, 130, 7085.168715374428, 7395.156192095906, 7192.757016946954, 24.170342819106114
4.919611717993105, 131, 7143.243692424877, 7458.499369649137, 7253.289795392637, 25.029628319273893
4.870956396801408, 132, 7201.6697223918645, 7522.505016403016, 7313.630231612244, 25.25124693769318
4.822416305431379, 133, 7260.801621723714, 7587.916034501168, 7375.512647512411, 26.204389227896673
4.774338854657169, 134, 7320.294610381327, 7652.638657382809, 7438.228227987625, 27.15345632076953
4.726720926719535, 135, 7380.114645189511, 7717.982474920846, 7500.748278781011, 29.49327865735053
4.679559304224202, 136, 7439.826229530795, 7784.231037861561, 7562.838847155236, 30.07042278000392
4.632850819802873, 137, 7500.330403367844, 7850.848880693176, 7626.332024706327, 30.60819563781276
4.586280112443143, 138, 7562.295576837983, 7917.165647209898, 7690.840307601684, 31.285950995579086
4.54016624353114, 139, 7624.220668697498, 7983.394651486945, 7753.8986128480765, 32.51970519356557
4.494505524024739, 140, 7686.365863336419, 8052.1676372681395, 7817.195143910665, 32.955324491420065
4.4489974250613, 141, 7750.181213653465, 8121.666799634471, 7883.448930158288, 33.59654577443238
4.404236945577865, 142, 7814.387512960298, 8189.205321366047, 7948.117497925598, 33.72540846656573
4.3596312854293, 143, 7879.077206521671, 8259.855346691023, 8012.407955270141, 34.649728951702244
4.315473355653073, 144, 7945.221133611715, 8332.107826360902, 8079.912539196244, 35.16163552275208
4.271481320869195, 145, 8010.833061338821, 8404.459983958024, 8148.648330762321, 35.420292537684105
4.227938128753549, 146, 8076.342335727989, 8477.73494525563, 8218.002764455341, 35.84564575994544
4.1848395552631885, 147, 8142.995762876857, 8551.25479534952, 8287.636926294117, 36.52417396172374
4.14218132255392, 148, 8208.833401483302, 8625.30281967628, 8358.118445925887, 37.07505092495152
4.099699124158415, 149, 8275.99779121846, 8699.588750007055, 8430.008151313472, 37.39133884550244
4.057657305733229, 150, 8342.60188913963, 8773.421233090292, 8501.499285277281, 37.98677550117357
4.0160514018076805, 151, 8410.634378541228, 8848.587000514239, 8572.363711977783, 38.80140431799499
4.000000006679482, 152, 8437.087110241402, 8878.142190142093, 8600.73599250559, 38.68820954053569
3.974629405374201, 153, 8479.369071689507, 8925.089812267686, 8646.017602763173, 38.89238244171973
3.9333991524319156, 154, 8548.42238007031, 9001.935941307223, 8719.572582926336, 39.236316623142514
3.8928466612201618, 155, 8618.515834408325, 9079.00560516961, 8792.979250070915, 39.91319957338841
3.852484490171819, 156, 8688.737917020118, 9157.387855869298, 8867.618406386124, 40.170223597950795
3.8123195479630896, 157, 8760.01891637895, 9236.222551281628, 8942.505113209867, 41.189616007209516
3.772814078053333, 158, 8831.186591060243, 9316.034023913176, 9018.1946994662, 41.652964741795465
3.7332797156013235, 159, 8903.819304998124, 9396.754081313584, 9094.564939264084, 41.84690908619787
3.6943949149944, 160, 8976.025279305022, 9478.232492253725, 9172.05509605005, 41.718486449907246
3.655493504732485, 161, 9049.401446714366, 9560.329890053197, 9250.114018155145, 42.83554896184172
3.61723153401448, 162, 9122.875970349389, 9642.580627906182, 9327.599727186476, 42.74375074424029
3.5791739248548424, 163, 9197.559535936878, 9726.358694199558, 9407.350197707898, 43.465157249707296
3.5413260741820984, 164, 9272.333663989006, 9810.744991078933, 9486.974864646236, 43.609555394954576
3.503895894202426, 165, 9348.257196121613, 9895.306758121593, 9567.145913229004, 43.92855626847179
3.4666785850358286, 166, 9424.469977996423, 9981.127668029818, 9648.678345353643, 44.40418804203212
3.4298750965946425, 167, 9501.326081486799, 10067.460016070025, 9730.485957983865, 44.9261759802808
3.393287084277924, 168, 9579.000086422559, 10154.69441915006, 9812.953505025842, 44.91582016664044
3.357108641500875, 169, 9656.748474529895, 10242.782848332747, 9896.49885122747, 45.457761218133136
3.321147729169966, 170, 9735.747586440944, 10331.24525179078, 9980.524498015411, 45.72790451596567
3.2854081853540587, 171, 9815.396260701182, 10420.811308209082, 10065.230586266576, 46.39723415654961
3.250074407219736, 172, 9894.984612740718, 10511.21077340984, 10150.841666576092, 46.73505766027882
3.215140790970234, 173, 9975.701620888143, 10601.540505291028, 10236.505638436107, 48.04789066210718
3.1802525194652693, 174, 10057.318036260647, 10693.782669698969, 10323.478349209581, 48.53756901971554
3.145765102912449, 175, 10139.316644024535, 10786.245421059695, 10411.114078439108, 49.085562232516494
3.1116730595845095, 176, 10221.672917338608, 10879.601740832657, 10499.684842176399, 49.29642650277574
3.077638241392906, 177, 10304.9891768123, 10974.194543280537, 10589.06764680199, 49.88326009368307
3.043998718981751, 178, 10388.89664036024, 11069.791417029493, 10678.875552081487, 50.70747950288921
3.010748833528303, 179, 10473.020110482064, 11165.263637903288, 10769.722327905607, 51.51341761318536
3.0000000236240245, 180, 10500.505716848189, 11196.401997270905, 10799.259138312651, 51.64135731367726
2.97756655410871, 181, 10558.229862513175, 11262.82235407924, 10861.244854002362, 51.8432497164519
2.9447732057096827, 182, 10644.198442226898, 11360.409119936594, 10953.759639471646, 52.12759324350318
2.9122100216860836, 183, 10730.881825366254, 11458.920981592039, 11046.781047151762, 53.68787751737103
2.8800294955861765, 184, 10817.68583771984, 11558.1790302102, 11140.823292011773, 54.06773206924714
2.8479298236195376, 185, 10905.913150046543, 11659.038743687819, 11236.037203155762, 54.07197754846006
2.816211265496763, 186, 10994.23412093794, 11760.55319901104, 11331.012139374929, 54.387865527557445
2.7847248808597835, 187, 11083.967256300439, 11862.556920448751, 11427.633279993583, 55.61156828259726
2.7534719760395507, 188, 11174.011348061269, 11965.501680120185, 11525.333778352251, 56.354090865188795
2.722592417988054, 189, 11264.512115195812, 12069.48792743778, 11622.616425424489, 57.53095200473038
2.6918078976017705, 190, 11356.071884308216, 12174.773763657597, 11721.547130507759, 57.9437383503547
2.661394282861764, 191, 11447.984918622491, 12280.62984950619, 11820.725081701381, 58.44070960718273
2.631213932528748, 192, 11540.777109628776, 12387.086348237155, 11921.42269721968, 59.949755735927546
2.6012676503942798, 193, 11634.422017465546, 12494.845583496342, 12022.522730108847, 61.81387405270897
2.571556139268142, 194, 11729.203366573027, 12603.588018422724, 12124.08150618018, 63.162652936148724
2.5420799126111633, 195, 11824.224819497871, 12713.453001733975, 12226.667740385074, 65.3755909897921
2.5128394517051826, 196, 11919.971345651267, 12823.830062364705, 12330.428083444769, 66.15467565528864
2.483835026510281, 197, 12016.465008895862, 12935.563446297876, 12434.855339769127, 67.72243899562314
2.455066881070166, 198, 12114.851332681415, 13048.44015637316, 12540.128818253335, 69.18291107990571
2.4266525101859453, 199, 12212.834229663104, 13161.540951610299, 12645.756551818838, 70.7957528677555
2.3983552146551053, 200, 12312.626359230766, 13276.500287283116, 12752.608207670688, 71.20692324058174
2.3702942289652666, 201, 12413.109437720515, 13392.804193405533, 12860.143691193418, 72.7879574455071
2.3424694218421918, 202, 12514.888079518349, 13510.003120746314, 12968.799319403837, 74.19711853791901
2.3148805037565943, 203, 12617.75705108504, 13630.37189772357, 13078.538595838436, 74.77228567456179
2.2875271455686144, 204, 12721.10556467953, 13751.335988568895, 13191.056618269538, 77.0075442559469
2.2604088677204306, 205, 12824.471006818203, 13873.262867105252, 13304.19504907974, 80.36561363137322
2.233525212317539, 206, 12927.673439303553, 13995.28163081839, 13418.187037936204, 80.48968138770852
2.2068755492458036, 207, 13031.757899083019, 14117.806068727632, 13533.950955374286, 82.05030864738873
2.1804592737931814, 208, 13136.333965707618, 14241.521653977226, 13650.012533816838, 83.1408241211621
2.1541761298233366, 209, 13242.068356215637, 14366.90299701618, 13768.125370902228, 84.32199962603636
2.1281281391964693, 210, 13347.819612664378, 14492.722515764779, 13887.533520197301, 84.84738580603803
2.1024105931358545, 211, 13453.831362074792, 14619.420041178591, 14008.166003846063, 86.56810992139543
2.076733748925776, 212, 13560.15638207157, 14746.889004627186, 14130.109872800978, 87.65197056590284
2.0581039917763015, 213, 13638.636100913347, 14840.796978701339, 14219.343574518562, 88.48874382220022
2.0395136962585307, 214, 13718.383366177251, 14934.94799100313, 14308.868579478774, 90.2372456244164
2.0211480505263575, 215, 13798.980884081959, 15029.945951898304, 14398.77723618886, 89.8208130997409
2.012048196338084, 216, 13839.151545380737, 15077.556505307253, 14443.615866399123, 90.5671531213653
2.003003004441382, 217, 13879.462308838041, 15125.075333026387, 14488.679658845782, 92.318517903806
1.9940119926629243, 218, 13919.781985294718, 15172.963354349198, 14533.625682373255, 90.56122107083088
