z, snapnum, center_x, center_y, center_z, Rvir
9.305713094216003, 061, 4136.928671661284, 4227.255351876045, 4143.190016807885, 12.213395860876114
9.22429771256385, 062, 4169.455306237316, 4261.5477793092805, 4176.395783684373, 12.594224262558086
9.132826809386861, 063, 4206.801925600204, 4300.678542707208, 4214.367468418441, 12.378007890808798
9.057446048498916, 064, 4237.973515340922, 4333.519267325048, 4246.081419720288, 12.8618781563018
8.994668904973654, 065, 4264.273924712541, 4361.3481885315105, 4272.90255512047, 12.968950341555455
8.969165508993122, 066, 4275.04874104525, 4372.694970707376, 4283.942537017806, 12.923679212336447
8.880962385605066, 067, 4312.6463972670845, 4412.558252718415, 4322.68132833593, 13.151434088402963
8.807737242375708, 068, 4344.441485543017, 4446.145573489345, 4355.200177129181, 13.293584985139368
8.719575441999275, 069, 4383.25879927887, 4487.116339699462, 4394.9033766604425, 13.293079218419573
8.647970944526776, 070, 4415.409050732773, 4520.96872949247, 4427.840372740411, 13.493614723863184
8.56614371958519, 071, 4452.648772165966, 4560.249948130728, 4465.914341077243, 13.904131429374509
8.48401186012674, 072, 4490.6225820152495, 4600.376825608086, 4504.958103066968, 13.800933541863385
8.40323540316448, 073, 4528.738431228125, 4640.601763164568, 4544.094899818476, 13.872703630519615
8.33379740181587, 074, 4561.931036412172, 4675.613395786777, 4578.0932850546915, 13.99771366421277
8.25410296515623, 075, 4600.684671621424, 4716.550771087743, 4617.756162916252, 14.197441686978797
8.176590876849312, 076, 4639.112317762898, 4757.198522187991, 4657.035698492628, 14.26042710558938
8.100956198111273, 077, 4677.192991791137, 4797.539422262279, 4695.998576250958, 14.598655431795807
8.025390742617711, 078, 4715.8918462794045, 4838.381158613925, 4735.6293055412625, 14.696702520061214
7.992292184413477, 079, 4732.999888256474, 4856.481988603483, 4753.255015689626, 14.79551145094722
7.948873160507208, 080, 4755.716257065171, 4880.451847433478, 4776.555420233561, 14.7092787241648
7.874198799271671, 081, 4795.172339081484, 4922.347113247755, 4817.150053355123, 14.9835609418526
7.802740672478629, 082, 4833.482367940442, 4963.367893592647, 4856.569584399826, 15.091707436836696
7.730635168219356, 083, 4872.8591926568, 5005.410128143328, 4896.9461354189125, 15.294329575291151
7.66062607156069, 084, 4911.754735504733, 5046.793731443922, 4936.526296459349, 15.567839966539717
7.590245431897499, 085, 4951.450137870877, 5089.151937793078, 4977.408212834565, 15.790426060527167
7.519627267268849, 086, 4992.017117131051, 5132.299936778587, 5018.861115896201, 15.797449043034138
7.451040116830994, 087, 5031.878568813816, 5174.863421521346, 5059.996604346659, 15.86881018744987
7.382621868021827, 088, 5072.27117476113, 5218.0587781042705, 5101.92290710469, 16.1382775057722
7.305933451914441, 089, 5118.440808527679, 5267.2972604960005, 5149.432977066177, 16.33682618215847
7.238977014688004, 090, 5159.2985624448465, 5311.114061589181, 5191.711450480463, 16.495344007302634
7.170955513758793, 091, 5201.691563040431, 5356.50234991231, 5235.2992922901285, 16.912466507806574
7.10434844817687, 092, 5243.827136576231, 5401.456453463399, 5278.682624074086, 17.055802446828665
7.038938796133802, 093, 5285.767760739085, 5446.36237948041, 5321.939199868739, 17.030004917789125
6.993236498645864, 094, 5315.541141284768, 5478.180466611668, 5352.717583691574, 17.34226822296483
6.975163335279915, 095, 5327.3447217199155, 5490.918069344107, 5364.952236237963, 17.187782303298313
6.904158694743813, 096, 5374.396624952657, 5541.064891162056, 5413.730870513875, 17.6659851235144
6.843289505760201, 097, 5415.290689870762, 5584.841733737293, 5456.198616459173, 17.8258503643157
6.773218917101404, 098, 5463.353427980021, 5636.178092541636, 5505.816055037909, 18.200838717377476
6.713119118184094, 099, 5505.151798912206, 5680.783330014436, 5549.317395517284, 18.177984699124952
6.643840938854085, 100, 5554.190332276018, 5733.314523877816, 5600.036767930342, 18.591921888116243
6.585719867795229, 101, 5596.055799993246, 5778.389646997942, 5643.439570253107, 18.79060969343433
6.51989380237207, 102, 5644.54731682018, 5830.3754728181375, 5693.354606542384, 19.04746751810886
6.462526119598167, 103, 5687.405658360147, 5876.425013542494, 5737.540997752735, 19.21903838031774
6.39810791310338, 104, 5736.419477090331, 5929.088936288201, 5788.204425410806, 19.172321938552308
6.3349492031106065, 105, 5785.236541479964, 5981.896125365232, 5838.785526958503, 19.67894979215218
6.280063200157661, 106, 5827.951485007554, 6028.133663076606, 5883.564877606608, 19.671984644695772
6.2181813122796115, 107, 5877.158006168432, 6081.4698076156565, 5934.68723029783, 20.20641465441177
6.158408670809534, 108, 5925.7396901985485, 6133.756550063512, 5984.878028795503, 19.96293998150362
6.098594449613344, 109, 5974.976221364934, 6186.901596171498, 6035.69547551028, 20.480180586542648
6.038575774217259, 110, 6025.153762729998, 6240.852730198385, 6087.699526026853, 20.618480885093696
5.995548884694216, 111, 6061.547926987733, 6280.152525921427, 6125.585527543476, 20.795447053202253
5.980876125343302, 112, 6074.079169908424, 6293.696220809905, 6138.603980394784, 21.030915672098395
5.923505376317584, 113, 6123.596920294027, 6346.810357733162, 6190.183734857597, 21.576460354116648
5.867772084269458, 114, 6172.606305125424, 6399.653562929711, 6241.0355250801385, 21.482925394544917
5.8110531821704825, 115, 6223.4163191909865, 6454.284765900752, 6293.440301551353, 22.138499998374563
5.754897703523261, 116, 6274.601816387334, 6509.653182005429, 6346.408999914976, 22.064514235234974
5.7009704801937495, 117, 6324.409464585455, 6563.830134902351, 6398.077779636276, 22.50093038448945
5.646922735318182, 118, 6375.298792430665, 6618.676052274082, 6450.844735047218, 22.73456976369012
5.586769691864688, 119, 6432.938533958963, 6680.830997420985, 6510.390654673723, 23.166044034369015
5.533529233465301, 120, 6484.621914395302, 6736.70404539895, 6564.164761246899, 23.31830405784974
5.48212052032769, 121, 6535.3608468280545, 6791.311659249174, 6616.5458495256125, 23.5603160513598
5.430648953358599, 122, 6586.677648385437, 6846.976091264076, 6670.0923891003295, 24.101590317880813
5.373171845709744, 123, 6644.6024612873725, 6910.376308770051, 6730.906566520517, 24.358559750099943
5.323521478724848, 124, 6696.0164724394745, 6965.944788889878, 6784.404814729007, 24.24694590014668
5.2685811210918425, 125, 6753.721515957928, 7028.696427369345, 6844.2619816680835, 25.051032236034803
5.219602806749118, 126, 6806.259687153675, 7085.419478197275, 6898.769265415419, 25.45593701358597
5.166011065584494, 127, 6864.6593269040495, 7148.765929094891, 6959.337018004704, 25.906100059118184
5.118882783725756, 128, 6916.592084539638, 7205.3181869553655, 7013.794327381797, 26.245440461156758
5.066166475078497, 129, 6975.456918657281, 7269.791475957032, 7075.538007257954, 26.7306370918642
5.013270425560955, 130, 7035.769097475051, 7335.590325940271, 7138.355627487383, 27.102551327899583
4.9958339955471756, 131, 7055.891002700337, 7357.466455252, 7159.211579930856, 27.187902245135543
4.966674416046648, 132, 7089.870691126583, 7394.169040910063, 7194.234204112743, 28.03707182343964
4.9155567177003245, 133, 7150.193985589918, 7459.503972209547, 7256.541291669754, 29.062018208515173
4.8704023185257315, 134, 7204.247089763553, 7518.018846656843, 7312.791942835762, 29.49319915473988
4.82005532757295, 135, 7265.683270957298, 7584.742980846855, 7376.481413298843, 30.337769298017985
4.771200376354106, 136, 7326.164860243431, 7650.842577606687, 7439.226242226923, 30.738089433896437
4.722966714055975, 137, 7386.581236467542, 7717.561914193527, 7502.6340557348485, 31.729312816815437
4.674707296516804, 138, 7447.907907379053, 7784.8507077802005, 7566.831958442054, 32.16387245651082
4.627696605507954, 139, 7509.29086518964, 7851.1081526458565, 7630.156456188006, 32.64197599524766
4.585944242852432, 140, 7565.306077617645, 7910.850710058636, 7686.721246165162, 33.03513965741674
4.539596566981899, 141, 7627.766391654146, 7978.408127524059, 7750.313797212677, 33.33970177668506
4.493369097094273, 142, 7691.042874433568, 8046.757503973657, 7814.279411592301, 33.8725657778964
4.447679465592312, 143, 7755.7253058105025, 8116.099485962455, 7878.782589015096, 34.69384888258377
4.401951964081364, 144, 7821.991445233607, 8187.889388287313, 7944.994978097035, 35.22115117174213
4.357382142249588, 145, 7886.59737949994, 8258.85994207681, 8011.4104841612225, 35.30600652827339
4.313752212010946, 146, 7950.229664904945, 8329.497592333379, 8078.079883803323, 36.34395105537905
4.270941871898698, 147, 8013.284261269731, 8399.764934521583, 8144.758751208379, 36.66468536748969
4.223979585712215, 148, 8083.874858083553, 8478.508948911243, 8219.47974068056, 36.91578061317263
4.182332391779754, 149, 8148.132444307731, 8549.449207755071, 8287.212968787177, 37.25419323458623
4.141355359641858, 150, 8212.198742210228, 8620.411611655127, 8355.18850997441, 37.61193454503379
4.095623018489529, 151, 8284.174850121912, 8700.477661430647, 8432.923530048716, 38.23920330069542
4.055088328414668, 152, 8348.295060090088, 8772.73804842019, 8503.30636861761, 38.66121577317666
4.015187874458565, 153, 8412.465066063838, 8844.981843121612, 8572.879320374006, 39.38335916625664
3.9978607146515746, 154, 8440.803310572197, 8876.569124847558, 8603.368086702281, 39.43948785305756
3.9718273516674634, 155, 8484.214563265024, 8924.573290832552, 8649.593024743497, 40.05908949200152
3.932766000110835, 156, 8550.615854952852, 8997.78386762361, 8719.149004467848, 39.93890483598018
3.890882050067167, 157, 8623.408630528778, 9077.425733813332, 8793.714436617784, 40.548211789578
3.8485333365629417, 158, 8698.379566719428, 9159.959170148535, 8870.48950620685, 41.44177313722027
3.8106880385939457, 159, 8765.317340503307, 9235.089444533336, 8942.101303858195, 41.68796917640504
3.7692830847276966, 160, 8840.079176325697, 9318.039121165904, 9021.84355624318, 42.18709103379508
3.732968705930773, 161, 8905.986851340907, 9392.076813017282, 9092.86981742449, 42.34482943591149
3.692743287705417, 162, 8980.310264818638, 9475.673790346786, 9172.430507303887, 42.36112643052222
3.653429730721019, 163, 9054.851596467728, 9558.977948427306, 9251.729769199628, 43.12159652158924
3.6146779354442753, 164, 9129.45444051145, 9642.171835468384, 9330.689283162643, 43.65338305901827
3.576487456583453, 165, 9203.714889825053, 9725.51385789299, 9409.938327474545, 43.895751138253374
3.5382326832253517, 166, 9279.340736778982, 9810.588203058229, 9490.871319359987, 44.62370531573164
3.50070752090918, 167, 9355.678887427015, 9896.041939896848, 9571.27742210049, 44.51312786575772
3.4639828902014385, 168, 9431.716966811528, 9980.329325662526, 9651.457057853026, 45.04001654492085
3.4274055089695814, 169, 9507.729606233366, 10066.82939812505, 9732.36400923975, 45.559317546685904
3.391247389199073, 170, 9584.973971629417, 10152.673179195888, 9813.009914289469, 46.081321967240456
3.355917864798421, 171, 9661.996076229672, 10237.653336815682, 9894.015467300433, 46.57029617354283
3.3207644102019387, 172, 9739.058116165399, 10324.808431858375, 9976.134980494544, 47.11129156965666
3.2827844858250144, 173, 9823.822936774124, 10420.248422811721, 10066.27070143127, 47.07009403297008
3.248891125665696, 174, 9900.791068965533, 10506.703563027759, 10148.843042123897, 48.10597716233243
3.2120889433647895, 175, 9985.687964052438, 10602.297149694412, 10238.98307622736, 48.50237165319986
3.1789005494870333, 176, 10063.648399659924, 10690.118995300913, 10321.693764049975, 49.617442372053524
3.1427056452652637, 177, 10149.86721229014, 10786.887268115504, 10414.1135822862, 49.557312705989624
3.1096722118109232, 178, 10229.788819788726, 10877.124268920034, 10499.313693950766, 50.565161940986805
3.0774530326537954, 179, 10308.330664407771, 10966.555300520879, 10583.893256234875, 50.792187345428516
3.0331967609850246, 180, 10418.9093112181, 11091.596704265543, 10702.713740437677, 51.906717959029066
3.0111534366505657, 181, 10474.65740724271, 11155.011928468995, 10762.543607368903, 52.91971904507401
2.99847973132083, 182, 10506.891805776124, 11192.048970733187, 10796.919889895198, 53.23955808971751
2.9767462510798595, 183, 10563.045273857857, 11255.291098695501, 10857.082584768765, 53.54345088795823
2.9427352116294903, 184, 10652.462499671543, 11356.899759127642, 10951.785182252508, 54.37484324536167
2.9092481023396792, 185, 10742.416227030626, 11458.810113660395, 11047.62381346967, 54.38927750942147
2.878988983522889, 186, 10823.578069204292, 11551.839659636167, 11136.31777748665, 55.46203346871009
2.8464012072600244, 187, 10913.067725623168, 11653.99120099143, 11233.218121330046, 55.73357233082843
2.8139266903797626, 188, 11003.613220804824, 11756.735273149156, 11330.955878327917, 57.56623096552722
2.7846076247007927, 189, 11087.068977974657, 11851.762413910674, 11419.769723954687, 57.89297716040609
2.7531208114634595, 190, 11178.343575019397, 11955.674523286396, 11516.83841966834, 59.66757536413107
2.722052841670167, 191, 11269.486954485184, 12060.041564590676, 11614.715772918567, 61.04159648918551
2.6912790968174036, 192, 11360.936791414191, 12165.013826057391, 11713.795318757326, 61.987427085485784
2.6607606479804256, 193, 11454.21580860997, 12271.113363543514, 11813.676600399995, 62.934248454630676
2.630720614699235, 194, 11546.625887419634, 12377.245741476083, 11913.059774666737, 63.17656897077686
2.6011887244219287, 195, 11639.313765370202, 12482.90790261565, 12012.381088924622, 64.81826038834895
2.571545736072211, 196, 11733.610911257207, 12590.631295652256, 12112.640982172736, 65.55431864032957
2.5397170138369156, 197, 11837.237765011512, 12709.13082052502, 12222.92662286817, 67.66553631762392
2.5112368250703416, 198, 11932.00850521656, 12817.535642969724, 12323.332003626896, 69.02327740231863
2.4825646943140574, 199, 12028.855290767122, 12930.41550855253, 12426.693401939843, 70.41135507052456
2.4545854944329424, 200, 12124.969673139527, 13041.564781541721, 12529.695426578932, 71.65673873422867
2.4244651883844015, 201, 12229.796660265947, 13163.141517229313, 12642.814699288108, 72.66929430724927
2.396966347179015, 202, 12327.160821232104, 13275.882404910328, 12747.871189843469, 74.50058325488935
2.3702170822595576, 203, 12422.532929201141, 13386.782120101141, 12852.436233042517, 75.79423614896149
2.341312644664832, 204, 12525.86858190228, 13508.572527536893, 12966.47362879488, 77.94460153077983
2.3127363540810815, 205, 12630.800345467067, 13630.17422024401, 13081.945379630615, 77.99818212328138
2.2871785420932125, 206, 12726.361014696839, 13742.76193167926, 13187.93597792213, 79.04414087044712
2.2594742090134705, 207, 12830.884075963444, 13866.631049561129, 13304.799882800045, 80.15119738147447
2.2317126222164805, 208, 12935.809146385756, 13991.52264081974, 13424.755514557739, 82.13144128412317
2.2065740430379797, 209, 13032.35483335822, 14106.44769440787, 13534.522019660026, 82.2617879573807
2.179226607927647, 210, 13138.633955021985, 14235.338721446267, 13656.150871804603, 83.60522745008939
2.1519171646825246, 211, 13247.213484291042, 14362.394390894111, 13778.801008283224, 85.77183684969839
2.1275316745492727, 212, 13346.025528806756, 14479.376930788965, 13888.75785130711, 86.2005492079599
2.1013477285355315, 213, 13454.70084513989, 14608.285390881203, 14010.674144199522, 87.57726926049598
2.0754380186373522, 214, 13563.600200780744, 14738.040194097182, 14132.560535327048, 87.61434146055623
2.0560269896417176, 215, 13646.754911758098, 14836.347894540431, 14224.943596894867, 89.26473250956685
2.038838528649743, 216, 13721.681277225103, 14924.315661676173, 14308.475865935497, 90.4451065253818
2.0195708924274376, 217, 13807.573800868751, 15024.008126170807, 14402.45920250467, 91.0278179773913
2.0110874889292303, 218, 13845.748642358754, 15068.620432885957, 14444.136245114889, 91.05011680623421
2.002671557394039, 219, 13883.771219898172, 15113.68692736808, 14485.465893351986, 90.73927015593608
2.0005652511032306, 220, 13893.532175888535, 15125.084204467305, 14495.66446007786, 91.58279669045302
