z, snapnum, center_x, center_y, center_z, Rvir
14.994881653812485, 001, 2679.5817033732096, 2713.2655660510727, 2660.410081625155, 1.022932092120842
14.733165611938812, 003, 2723.70304632575, 2758.6815514251493, 2704.937284091674, 0.7451682828471353
14.603058279627522, 004, 2746.1845675162403, 2781.8613869323726, 2727.6425784299213, 0.9706612537776259
14.475085228051986, 005, 2768.649685216661, 2805.0502423285534, 2750.3671537422765, 1.35587713462128
14.346838636849867, 006, 2791.5413876207067, 2828.690379377246, 2773.4790818947213, 1.2056254485103515
14.220700256139494, 007, 2814.4263758707493, 2852.3269612137683, 2796.6168004819565, 0.9794677858920038
14.094339684330707, 008, 2837.72971595152, 2876.387007439518, 2820.1876193132466, 0.7840036192538672
13.99925011683234, 009, 2855.523227218471, 2894.75233435687, 2838.17765051927, 0.650360943461818
13.970059925671086, 010, 2861.0284072258555, 2900.4340892628366, 2843.746488236804, 0.6146307995908986
13.847810065176706, 011, 2884.3195237885607, 2924.468830037235, 2867.32001786578, 0.5823515242764911
13.725371884628908, 012, 2908.037478975792, 2948.947530707014, 2891.3575483594173, 0.7479141064078753
13.602803744428444, 013, 2932.1565825334137, 2973.867276718162, 2915.7972490243774, 0.5323115249176874
13.482259326530652, 014, 2956.2723747393484, 2998.81207134332, 2940.194814830514, 2.288545670200852
13.363688618327231, 015, 2980.3829225869786, 3023.76190119703, 2964.6235753217848, 2.4202163258347364
13.245014347863163, 016, 3004.913564493644, 3049.1738527784582, 2989.4594509273757, 0.6081625881926169
13.126289076071009, 017, 3029.847216001499, 3075.0280099821657, 3014.7293094211527, 0.6734112952203364
13.00952648710428, 018, 3054.796064605638, 3100.8833711165635, 3040.006743153054, 0.6628832616527257
12.999720010497713, 019, 3056.9081543349575, 3103.076235217415, 3042.144643041618, 0.644797206444465
12.89467843584406, 020, 3079.718842958122, 3126.7527594580406, 3065.265621634519, 2.720050599759642
12.779798862458405, 021, 3105.0520479154548, 3153.076427304225, 3090.9616970824272, 0.2875525281930608
12.666803421243385, 022, 3130.374694620239, 3179.407472007103, 3116.6544946482013, 2.8694769396603252
12.553808707371498, 023, 3156.10666491551, 3206.2048847631786, 3142.7621724518094, 0.8360279084909441
12.442667096658957, 024, 3181.8530905963075, 3232.9791803765247, 3168.91176128395, 0.964459832687801
12.331555871905055, 025, 3208.019400512133, 3260.190170810429, 3195.469098140881, 0.7768980087115249
12.220518271792965, 026, 3234.6083681884807, 3287.8455019942303, 3222.5102392380377, 0.7247996465121003
12.111315140643534, 027, 3261.1824884833663, 3315.5022851665194, 3249.5896406282523, 3.380135246934326
12.003901255018167, 028, 3287.7704583161244, 3343.155664719773, 3276.6919407555342, 3.388004864686396
12.00052006090363, 029, 3288.613989926386, 3344.0358579566755, 3277.554526996831, 3.381935969062696
11.896569556829556, 030, 3314.755176818986, 3371.268268972095, 3304.2633739250673, 3.6395978926161088
11.78935930719076, 031, 3342.16576496136, 3399.783140797187, 3332.2849763409113, 3.821511117202943
11.683916808577205, 032, 3369.548504461357, 3428.302692579652, 3360.2880479938185, 3.9997831227749128
11.580198806038256, 033, 3396.9301446254494, 3456.813524997789, 3388.3208443664307, 4.201183620367355
11.476606441351827, 034, 3424.6968700967973, 3485.740201545668, 3416.817088550388, 4.364018243123142
11.373174984527498, 035, 3452.87655931266, 3515.1175690045275, 3445.7270247274273, 4.564459825468908
11.271444442033182, 036, 3481.0341566081697, 3544.4993181856116, 3474.6462066311424, 4.720070632572234
11.169891735829967, 037, 3509.5709882470733, 3574.288738297715, 3503.960295268841, 4.899738948742115
11.0700060419972, 038, 3538.0994774353735, 3604.1003382111994, 3533.2633068215764, 5.024617875627946
11.00048006662441, 039, 3558.2525940648693, 3625.193420656896, 3553.942742070354, 5.0843322691609565
10.970313694330756, 040, 3567.0794718259426, 3634.4182857571936, 3562.987234929632, 5.1196958766671585
10.87084522293276, 041, 3596.5040638193664, 3665.1956800620555, 3593.08007676552, 5.223376761807131
10.773016345281585, 042, 3625.960239050412, 3696.000628575882, 3623.0830096442774, 5.378166166991562
10.676786641233594, 043, 3655.4244948769106, 3726.8251704428176, 3653.1013593936, 5.4636488189995145
10.579434943915848, 044, 3685.727709697255, 3758.5160479379037, 3684.0036270964524, 5.54697098358227
10.485012132263094, 045, 3715.665550990653, 3789.7559227726606, 3714.490886087072, 5.61783933651359
10.389521687953176, 046, 3746.454429002235, 3821.8679173490145, 3745.825774610241, 5.688056798695757
10.29560604236539, 047, 3777.271250383881, 3853.9866450444842, 3777.2195250830655, 5.868209760437564
10.20197156753169, 048, 3808.5309478774607, 3886.556323016559, 3809.053393768293, 6.0476068941237315
10.109876706175074, 049, 3839.7689124574026, 3919.195492037302, 3840.8789374886974, 6.277291585416588
10.01806966232513, 050, 3871.406247953493, 3952.2389310861627, 3873.1402707427596, 1.210978276106667
9.9998900233232, 051, 3877.728177895461, 3958.848363619129, 3879.5945680489913, 6.311830880332494
9.927767494435065, 052, 3903.0314400143234, 3985.325682628153, 3905.4151512960916, 1.07974959635843
9.837758785211445, 053, 3935.0361590484918, 4018.8321477212157, 3938.169127240046, 1.4989317790817627
9.748065413561015, 054, 3967.418206917654, 4052.7792324082516, 3971.3614033165345, 1.3696648649915035
9.65984438042242, 055, 3999.7858193995776, 4086.7546614606154, 4004.5323861151783, 6.952722179925048
9.571942140784444, 056, 4032.5759954495365, 4121.147210215444, 4038.1520684912966, 7.181790703766683
9.484378280068427, 057, 4065.8284500018417, 4156.016044767234, 4072.1914737067664, 7.325131972615884
9.397171975818367, 058, 4099.507795485686, 4191.357781880239, 4106.603077652817, 7.531031898098891
9.311404471426131, 059, 4133.2138155480625, 4226.743962128907, 4141.016628695779, 7.576717532691761
9.227040297155831, 060, 4166.910136963623, 4262.169973905102, 4175.440974200345, 7.817777859627368
9.141987888954759, 061, 4201.4600592085135, 4298.517452270772, 4210.698192676578, 7.775663562307842
9.058338398065393, 062, 4236.015623998873, 4334.888568081746, 4245.9907142489155, 8.099407608697957
9.000000003795392, 063, 4260.419448585641, 4360.611779141724, 4270.953533584918, 8.059828451250382
8.97605749654921, 064, 4270.520056796235, 4371.266879775843, 4281.288173396106, 8.141879455235221
8.893153940121625, 065, 4305.87163239748, 4408.555835911233, 4317.484941111413, 8.36281182731302
8.811617013138624, 066, 4341.2379173139, 4445.874549644721, 4353.729666036823, 8.586914068346536
8.731413024744052, 067, 4376.600092133867, 4483.199123038499, 4389.993319470335, 8.797144523849118
8.650646640082668, 068, 4412.852986628815, 4521.443846807373, 4427.097201702999, 8.89715510192561
8.571209845633296, 069, 4449.101267818303, 4559.72110629291, 4464.183591270439, 9.149071150745574
8.492168980291865, 070, 4485.761099067572, 4598.457202960691, 4501.728748521547, 9.273764389974357
8.413536704905843, 071, 4522.85696514775, 4637.697494152826, 4539.708264137316, 9.475033535248954
8.336196482221053, 072, 4559.917283083198, 4676.990412545183, 4577.683585271656, 9.801364942270917
8.25925933268153, 073, 4597.340707081325, 4716.714597795551, 4616.05060741801, 9.976620695135392
8.182736515371479, 074, 4635.155445215609, 4756.883612266865, 4654.874618698973, 10.079816106889458
8.106638742293155, 075, 4673.355509633648, 4797.49387738539, 4694.1454725767635, 10.446965900891717
8.031791919608743, 076, 4711.545941609579, 4838.084789750723, 4733.435264296091, 10.552965501145502
8.000090017693767, 077, 4727.9044683807, 4855.477936530165, 4750.268594542558, 10.755820086316984
7.957362980327316, 078, 4750.123509508691, 4879.106567899566, 4773.168007170048, 10.77902238181968
7.8833615202672025, 079, 4789.095626458002, 4920.571308721337, 4813.272463111394, 10.872408121153427
7.810572693251329, 080, 4828.035483777666, 4962.05232803217, 4853.344408265569, 11.187570368026899
7.737439934253912, 081, 4867.803133157619, 5004.476041929251, 4894.2395295711485, 11.432303212373537
7.665511322887429, 082, 4907.58078195189, 5046.911788022935, 4935.053416153451, 11.601692878517413
7.594018593010894, 083, 4947.763801557332, 5089.744388575771, 4976.291810824107, 11.62653397978354
7.522969456076183, 084, 4988.385174538219, 5133.033495369237, 5017.918783910674, 12.008918354712534
7.4530854459425555, 085, 5028.984546966893, 5176.342256758542, 5059.533489211195, 11.934429634495524
7.382932356873857, 086, 5070.441145735429, 5220.535334274593, 5102.014401491353, 12.29131604247726
7.313934211576875, 087, 5111.915182554214, 5264.762768484594, 5144.5946143849205, 12.566080311132634
7.245382627907009, 088, 5153.8469191330105, 5309.447089733592, 5187.661695291368, 12.601296389954499
7.177283525012948, 089, 5196.220733816098, 5354.6204042978625, 5231.212623286916, 12.962486627446655
7.1096424256258075, 090, 5238.985469689746, 5400.277273360618, 5275.299480480213, 13.093831226723742
7.043111118318533, 091, 5281.668937248313, 5446.001837288586, 5319.457193653454, 13.182595602265378
7.000000028751478, 092, 5309.652358373508, 5476.033106922912, 5348.515089855695, 13.294985277760054
6.976389935497299, 093, 5325.086031821833, 5492.631769476082, 5364.593287984015, 13.354266281551125
6.910766584439944, 094, 5368.373012737457, 5539.375217589219, 5409.811759879098, 13.539700476112492
6.845598622784685, 095, 5412.116825007137, 5586.627625798146, 5455.522353751216, 13.951094846337138
6.780890185219525, 096, 5456.376472593225, 5634.277320019366, 5501.666234361797, 14.157161685446782
6.716644865265414, 097, 5501.069193530822, 5682.1857665951475, 5548.1875893242905, 14.605941394715925
6.652866061793621, 098, 5546.228946399751, 5730.557828498058, 5594.903399190932, 14.619172833436538
6.589556786983638, 099, 5591.80783567703, 5779.428805658241, 5642.118028249859, 15.062870475547472
6.527286425846834, 100, 5637.363337001386, 5828.4031865659, 5689.354194716298, 15.140770260272879
6.464914954175212, 101, 5683.801865612115, 5878.341698144932, 5737.508304449915, 15.3558376879263
6.403568535438006, 102, 5730.2698622963035, 5928.3519399146835, 5785.7347230095065, 2.3783819918724247
6.342683022072917, 103, 5777.163264640052, 5978.868412066839, 5834.378803977472, 15.413804162826464
6.281730199580726, 104, 5824.890679824603, 6030.397154357213, 5883.988353423547, 15.836831525347703
6.22178091719301, 105, 5872.607879339335, 6081.976382466919, 5933.557241220893, 15.861645219024567
6.162297665734638, 106, 5920.740793412546, 6134.013944531141, 5983.6441152897805, 16.35512276895186
6.103281763711691, 107, 5969.312393256961, 6186.564604052344, 6034.1368347515645, 16.622396154669758
6.044734094365364, 108, 6018.2970192175235, 6239.546880784326, 6085.031035355018, 16.93841456326376
5.999860036978591, 109, 6056.419485522408, 6280.771793973174, 6124.620696926053, 16.93054566518373
5.986655541499394, 110, 6067.736251732706, 6293.0244897753, 6136.377570210023, 17.221463170495806
5.928566497986588, 111, 6118.050335556971, 6347.37914474832, 6188.524023430683, 17.03920006747932
5.871435499990286, 112, 6168.363177248279, 6401.7630720752295, 6240.697219606644, 17.409753951397853
5.814774474971471, 113, 6219.103601148631, 6456.608908421569, 6293.258546986215, 17.860569536322814
5.758583458656135, 114, 6270.239222003163, 6511.957549458821, 6346.19627158637, 17.97539477514005
5.702862159482172, 115, 6321.688763510012, 6567.739926628266, 6399.546566709689, 18.129727545422355
5.64761019909423, 116, 6373.521563558049, 6623.909251511366, 6453.237714934616, 18.34714634996445
5.5928270579026105, 117, 6425.752941916289, 6680.528983592061, 6507.344348698905, 18.6131790008686
5.538511854800671, 118, 6478.434254945494, 6737.558961832143, 6561.809989289624, 18.945348588830676
5.484663806841495, 119, 6531.481670135981, 6795.020065241604, 6616.667418694592, 19.26120546122647
5.4308682049763, 120, 6585.288046015876, 6853.370481307684, 6672.430223139016, 19.695231621445622
5.377957811919377, 121, 6639.052068483464, 6911.731319287779, 6728.203592170371, 19.60186043430611
5.32551080066906, 122, 6693.265696888131, 6970.445286786905, 6784.421615215964, 19.914913947190932
5.273132191890869, 123, 6748.330892715887, 7030.130235536428, 6841.543220339846, 20.62847730602828
5.221226827371408, 124, 6803.77917468576, 7090.360487026919, 6899.255519795356, 20.775408737043293
5.170173395963225, 125, 6859.192988121631, 7150.6990788366675, 6957.099308879169, 21.190952840312942
5.119202101480857, 126, 6915.3392938723455, 7211.961119093867, 7015.801405860986, 21.86988095502977
5.068697680470736, 127, 6971.825719283335, 7273.5686935201575, 7074.945564218439, 22.105375782496566
5.018657848621848, 128, 7028.592796678033, 7335.5365139659825, 7134.528158439422, 22.829702064844348
4.999880042529226, 129, 7050.132475672932, 7359.0280235655155, 7157.158019973218, 23.14873758436481
4.96908019075586, 130, 7085.712472602762, 7397.923923587343, 7194.597455687591, 23.608467757734584
4.919611697502789, 131, 7143.648973378446, 7461.23168963496, 7255.566172666536, 24.003143088619737
4.870956403224309, 132, 7201.681835675489, 7524.558860915891, 7316.557194616244, 24.291156555336812
4.822416323841266, 133, 7260.60761007717, 7588.998316051933, 7378.342015392785, 25.55418997574953
4.774338868433721, 134, 7319.894279658606, 7654.24597871601, 7440.339670009758, 25.72345761417605
4.726720923366407, 135, 7379.727380907267, 7719.903217880692, 7502.401252071562, 26.717870998601295
4.679559275028303, 136, 7440.167659517423, 7785.369451705981, 7564.607721823471, 28.467261986152323
4.632850808240404, 137, 7500.939768715498, 7850.736979216261, 7627.192362862265, 30.293760036779805
4.586280114184631, 138, 7562.584234308012, 7917.638144316751, 7690.63791338312, 31.120644930445728
4.540166223008424, 139, 7624.488281131858, 7984.9552342242005, 7754.524575282025, 31.804375219218215
4.494505496529033, 140, 7686.975713814074, 8052.733595903607, 7819.004607779567, 32.15968960631917
4.448997422620474, 141, 7750.473022762076, 8121.437742075381, 7884.221884246826, 33.172053341003775
4.404236932555787, 142, 7814.23654808935, 8190.062532072894, 7949.135140152637, 33.665005875117195
4.359631262810808, 143, 7879.193386574036, 8259.743191900503, 8014.684665615764, 34.17389771134181
4.315473358427977, 144, 7944.496106021679, 8330.973320308827, 8080.913022004838, 34.303509372966076
4.271481328819188, 145, 8010.040738811676, 8403.284946944259, 8148.9145109517385, 35.44735391032108
4.227938145158977, 146, 8075.729302996475, 8475.970922164586, 8217.699827765191, 36.168883791088085
4.184839540673772, 147, 8141.682241383075, 8549.117107920642, 8287.190209199905, 36.261501956053955
4.142181328615095, 148, 8207.915526654095, 8622.807259263449, 8357.381072473067, 37.358795888723165
4.0996991232642666, 149, 8275.049051183494, 8697.275412522198, 8428.274762628153, 37.36598822701732
4.057657317283746, 150, 8342.715710458466, 8772.107539145982, 8499.601182482795, 38.02825267657655
4.016051402999992, 151, 8410.908383969505, 8847.505425604078, 8571.387307063997, 38.525484113222035
4.000000024562246, 152, 8437.515198103692, 8876.947242274486, 8599.407128889816, 38.48578828743361
3.9746293963342127, 153, 8479.86339103759, 8923.889448798693, 8644.089081059565, 38.71030059695559
3.933399147823697, 154, 8549.480206632217, 9001.166555188767, 8717.842351481435, 38.70742129582646
3.8928466720469306, 155, 8619.02318169839, 9078.418801543881, 8791.73591434802, 39.749601934498116
3.8524844991551905, 156, 8689.409835158938, 9156.703811778389, 8866.46410402684, 39.604362861245505
3.8123195514495816, 157, 8760.592168041843, 9236.075008923464, 8942.081117184207, 40.505901870300875
3.7728140852568295, 158, 8831.729198343322, 9315.513868023783, 9017.800000938443, 40.32895088559964
3.733279695727072, 159, 8903.919998952886, 9396.350581636565, 9094.8842484553, 41.17536924375037
3.694394918772667, 160, 8976.031267091616, 9477.25487286863, 9171.914055860194, 41.72744630219183
3.655493486031104, 161, 9049.445256537387, 9559.791975329377, 9250.230858829365, 41.241466461957394
3.6172315432607984, 162, 9122.883706595821, 9642.415134583985, 9328.571113814898, 41.94178638463106
3.579173920519178, 163, 9197.160338586134, 9725.896096627537, 9407.870676528575, 42.79112742070929
3.5413261051971814, 164, 9272.22537138218, 9810.22871082858, 9487.95229734536, 42.609657553678225
3.503895876800999, 165, 9347.735694357316, 9895.0566526958, 9568.491163932973, 43.09279779519073
3.4666785821627464, 166, 9424.029940773622, 9980.851399947194, 9649.913628865452, 44.13494434549845
3.42987510916958, 167, 9500.73405332381, 10067.172166283206, 9731.64536843237, 44.69661100967441
3.3932870734717877, 168, 9578.165297232146, 10154.438114598475, 9814.29881298241, 44.22408226037767
3.357108652429978, 169, 9656.014784012852, 10242.173948431333, 9897.4096541017, 44.65897269356972
3.3211476992037525, 170, 9734.667352345612, 10330.853563008126, 9981.425340378948, 46.030049836201194
3.2854082100583595, 171, 9814.138973569763, 10420.603126400412, 10066.282848339004, 45.819823936662445
3.250074394923849, 172, 9894.012308221629, 10510.946947696773, 10151.695790229893, 46.597798795784776
3.215140796258531, 173, 9974.329224745326, 10601.779033977324, 10237.709301858213, 47.446147149176106
3.1802525227111653, 174, 10055.778676141384, 10693.956411866418, 10324.974264252305, 47.85448395591412
3.145765132510741, 175, 10137.644584186402, 10786.817378929725, 10412.73603011244, 48.48975426692035
3.1116730718532777, 176, 10219.8650338512, 10880.10953810397, 10500.782464675918, 48.78219334008519
3.0776382452622704, 177, 10303.31334159409, 10974.842112988405, 10589.974114487495, 49.64802662472206
3.043998716635431, 178, 10387.310244523598, 11070.201070983743, 10679.63006081116, 50.63046916696921
3.0107488259821364, 179, 10471.74815038276, 11165.884163198956, 10769.602918471059, 50.11828581959851
3.0000000325073763, 180, 10499.326151716392, 11197.15467621849, 10798.97874463902, 50.69071043814144
2.9775665413457464, 181, 10557.438262616693, 11263.101798639982, 10860.957331945887, 51.77862046338932
2.9447731976346856, 182, 10643.373898480228, 11360.862385543925, 10952.976135988678, 52.44888820374245
2.912210032249175, 183, 10730.168725277785, 11459.65598463273, 11045.764725911551, 52.32774007653684
2.8800295036608183, 184, 10817.139982516235, 11558.956861280383, 11139.307753247665, 53.21270967619834
2.8479298289449986, 185, 10905.294153940202, 11659.54788251218, 11234.099109207167, 54.07649239870148
2.8162112881552117, 186, 10993.788182327442, 11760.686869425404, 11329.470327171364, 54.72196364573134
2.784724857293178, 187, 11082.982550037992, 11862.685923536475, 11425.573661599536, 56.02994834241232
2.753471979238, 188, 11172.98300230924, 11965.652870824373, 11522.779976638243, 56.04301907224639
2.722592440576554, 189, 11263.1636568238, 12069.071846398903, 11620.321937861714, 56.483002236442786
2.691807881327434, 190, 11354.635058311937, 12173.850447135337, 11718.82264495444, 58.29830612822848
2.661394259396016, 191, 11446.825818651338, 12279.430083050273, 11817.805674740915, 58.883890082219054
2.631213927069649, 192, 11539.875870489528, 12386.160381535019, 11917.91258099502, 59.689637874565506
2.601267661833245, 193, 11633.48607922671, 12493.701880074983, 12019.164248832063, 60.40772784013911
2.571556140981102, 194, 11727.746891534061, 12602.225945434991, 12121.18945429548, 62.84782531467965
2.542079913936547, 195, 11823.133247362966, 12711.903811307304, 12223.892010314883, 64.17748460133068
2.5128394364376714, 196, 11918.97479909507, 12822.386787740768, 12327.623139196776, 65.99630459961571
2.483835013314098, 197, 12015.738872283428, 12933.840492772852, 12431.882270513717, 66.31422936423428
2.455066862996264, 198, 12113.694239856246, 13046.357504512793, 12536.836891924466, 69.00335217116678
2.4266525322347587, 199, 12211.987161885943, 13159.617775193285, 12642.450629838811, 68.76162947723351
2.398355199506305, 200, 12311.440196236797, 13274.343727585432, 12749.268789874659, 71.32387784389189
2.370294240860305, 201, 12412.18442840915, 13390.497557785708, 12856.887373963433, 71.36061722301261
2.3424694412666343, 202, 12513.836009452647, 13507.782222308728, 12965.920510839362, 73.5947881215002
2.3148805154215526, 203, 12616.395049930621, 13626.422204200273, 13075.601079903721, 75.25432091757126
2.2875271382789824, 204, 12719.7582141952, 13747.062171885482, 13187.016495066902, 75.8828433480709
2.2604088620316234, 205, 12823.33160309606, 13868.461439737493, 13299.519508652724, 77.0137239145302
2.233525204019594, 206, 12927.345067194994, 13990.651718711244, 13413.210885452103, 77.95756849452097
2.2068755650094594, 207, 13031.918549940434, 14113.770136894533, 13528.180940798182, 79.35616471550605
2.180459260910737, 208, 13136.681958541443, 14237.626956130525, 13644.51722999027, 82.17631345125056
2.1541761502857524, 209, 13242.559853000692, 14362.91753037772, 13762.083023904233, 82.23811252260185
2.128128150568861, 210, 13348.953085576068, 14489.033370208666, 13880.858294423673, 84.71551332037335
2.102410578078265, 211, 13455.791274291887, 14615.83724703931, 14000.423973035235, 86.70148748795337
2.076733762163757, 212, 13564.018837633757, 14744.644342488613, 14121.761201186018, 87.81060674098019
2.051393368958027, 213, 13672.286436357503, 14873.932418340632, 14244.179682050799, 88.38100370891517
2.026220961017295, 214, 13781.154063690965, 15004.239375654597, 14367.589281294418, 89.80388851320721
2.0012562123472377, 215, 13890.81916575128, 15135.71281714007, 14492.339852887097, 89.94290215638739
