z, snapnum, center_x, center_y, center_z, Rvir
13.847787895001, 011, 2884.8973137499506, 2921.8958729393635, 2868.726437510504, 7.905628679941059
13.725387887113, 012, 2908.6699817098743, 2946.4562092490723, 2892.555300305138, 8.510560950751975
13.602787868478, 013, 2932.8854244566537, 2971.497838424706, 2916.8066608504973, 8.64602465955631
13.482288075301, 014, 2957.101826009691, 2996.5605976668253, 2940.9952759304465, 8.373962261507833
9.3971913713453, 058, 4101.407080733087, 4189.553323797796, 4106.991882372845, 12.231903091895855
9.3113915090456, 059, 4135.003741335848, 4224.864616830946, 4141.242663725867, 12.58694946246766
9.2269916470333, 060, 4168.291175427632, 4260.181199331594, 4175.634676086787, 12.764269527855454
9.1419915889082, 061, 4202.43208607949, 4296.664412105117, 4210.770352185389, 12.572626523682105
9.0582917167547, 062, 4236.745328125284, 4333.10702274762, 4246.115244955911, 12.730018572058508
8.9999942129972, 063, 4261.120151170366, 4358.613102094408, 4271.197231490543, 12.651565817136682
8.9760976177094, 064, 4271.211695334274, 4369.16476262893, 4281.575347103298, 12.686694736965991
8.8931917960193, 065, 4306.680555336486, 4406.494494874535, 4317.749602222882, 12.841039189033395
8.8115919247802, 066, 4342.113210478986, 4443.239090712773, 4353.978786169512, 13.028768039637473
8.7313920625196, 067, 4377.539268525221, 4479.895360913084, 4390.230427350032, 13.312421708836107
8.6505920041932, 068, 4414.149524490531, 4517.570534551496, 4427.382253684982, 13.19373513624379
8.5711921422878, 069, 4450.753783771559, 4555.389406997172, 4464.484586723507, 13.483558554766924
8.4921921819391, 070, 4487.724529835069, 4593.958478292501, 4501.991384424585, 13.469386141211938
8.4134922121728, 071, 4524.850547429896, 4633.281435243885, 4539.950768708198, 13.731109936512944
8.3361923498816, 072, 4561.871239304421, 4672.654137902691, 4577.828735710489, 13.853767030836725
8.2592923894579, 073, 4598.92328807101, 4712.5756415070255, 4616.120731116898, 13.902767170022466
8.1826924198018, 074, 4636.217415097559, 4753.100455681615, 4654.951023902648, 14.154838883586706
8.1065924692177, 075, 4674.031750065127, 4794.250797117076, 4694.227416340593, 14.842627989770044
8.0317925973849, 076, 4712.417570676773, 4835.2512326370315, 4733.406540668498, 14.578643913317647
8.0000968445394, 077, 4729.00630239535, 4852.738518643322, 4750.293745108222, 14.768306784073726
7.9573957555987, 078, 4751.563549459323, 4876.4641166272195, 4773.178497112258, 14.90445065152359
7.8833926763339, 079, 4790.824632645684, 4918.194465294281, 4813.282666615709, 15.144996137132397
7.8105927951406, 080, 4829.571545428576, 4960.35103174393, 4853.65426859626, 15.375883968087356
7.7373927563427, 081, 4869.839924566617, 5003.062777035508, 4895.129187400948, 15.527347910482371
7.6654928845141, 082, 4909.839458850037, 5045.807754303792, 4936.259648351164, 15.871760188571226
7.5939929241901, 083, 4949.83317601483, 5088.6042827166875, 4977.937271352017, 15.862998232535668
7.5229929734813, 084, 4989.859041882337, 5131.761130707266, 5020.233048165697, 15.92923609085908
7.4530930821942, 085, 5030.413711193967, 5174.9694091071815, 5062.541079971232, 16.04392349637574
7.3828930531443, 086, 5071.849561320074, 5219.26957033023, 5105.239366884655, 16.60853383662676
7.3138931715183, 087, 5113.414507537285, 5263.492554415601, 5147.575208564547, 16.66752143173536
7.2453932209534, 088, 5155.697115820585, 5307.960653269867, 5190.407758581674, 16.741504508789426
7.1772932603986, 089, 5198.503554730936, 5352.895991680001, 5233.505683886962, 17.27601515644041
7.1095933005624, 090, 5241.624210858336, 5398.203655839052, 5277.2972349820375, 16.998667709268847
7.0430934183956, 091, 5284.362543226096, 5443.785169731199, 5320.786259607283, 17.291474157283105
6.9999957194663, 092, 5312.443055976363, 5473.772257713784, 5349.7316855673525, 17.379358301946436
6.976397649115, 093, 5328.0178525127585, 5490.34115624556, 5365.752529096956, 17.55019798580888
6.9107935073922, 094, 5371.206942343173, 5536.878395254085, 5410.366597136113, 17.761760141069452
6.8455935471956, 095, 5414.355489174955, 5583.964718281217, 5455.573728195512, 17.78005251084592
6.7808935971673, 096, 5458.063884703255, 5631.420372437278, 5501.344708471201, 18.094991715820786
6.7165936365877, 097, 5503.008134357076, 5679.491463169312, 5548.064365243003, 18.535666512224367
6.6528936961927, 098, 5548.258901148865, 5727.8370720949515, 5595.27032628886, 18.580355985020127
6.5895937357672, 099, 5593.8969771155425, 5776.784687387637, 5643.025273168358, 19.25607569286288
6.5272938338839, 100, 5639.436593448538, 5825.9548608547175, 5690.770956730449, 19.044963420400922
6.4648938250999, 101, 5686.6960928382105, 5876.116738883864, 5739.003664787886, 19.676846620164252
6.4035939330397, 102, 5733.61089924352, 5926.524290117248, 5787.566653529128, 20.141309848249726
6.3426939730505, 103, 5780.5631558685345, 5977.290027412253, 5836.161821021005, 20.067826920736525
6.2816939636138, 104, 5828.459871605892, 6029.065671071368, 5885.53690780307, 20.231135308262612
6.2217940714783, 105, 5876.276113652802, 6080.8577272837, 5934.788347530153, 20.63623492789186
6.1622941116921, 106, 5924.297183362123, 6132.9742154864425, 5984.410822670676, 20.727376132280117
6.1032941608005, 107, 5972.890696288107, 6184.823523462179, 6034.844066837633, 21.273555639565835
6.0446942008337, 108, 6021.484186948228, 6237.800869908303, 6085.543279149619, 21.673643126213875
5.9998955559224, 109, 6059.387123259281, 6278.551342389126, 6124.896266611045, 21.954352254131898
5.9866986835483, 110, 6070.574411854558, 6290.598273345611, 6136.492824779723, 21.936994773077938
5.9285942497514, 111, 6120.829919980155, 6343.88691812254, 6188.184226180345, 22.333540191720832
5.8713943394201, 112, 6171.129595876658, 6397.589849066606, 6240.4555170058575, 22.159135347973443
5.8147943982658, 113, 6222.164271235228, 6452.77198944663, 6292.716882747782, 22.548570587586443
5.7585944383105, 114, 6273.020935106284, 6508.553506198106, 6345.67160507769, 23.099603291323703
5.7028944875638, 115, 6324.3082606447515, 6564.594796230373, 6399.514589368759, 23.626551483032866
5.647594526744, 116, 6376.145031745693, 6620.44041956464, 6453.339583571719, 23.877726807605697
5.5927945768292, 117, 6428.484191678547, 6677.502418317463, 6507.928391190811, 24.448618473464194
5.538494625822, 118, 6480.838646355494, 6733.938938279964, 6562.227232312913, 24.724283340239516
5.4846946756849, 119, 6533.643296477156, 6791.124716838756, 6616.241042647647, 24.880177537569217
5.4308946759191, 120, 6587.45415236012, 6849.247598187137, 6671.443053600629, 25.43949896807654
5.3779947640248, 121, 6640.756387480473, 6907.4116530612955, 6727.349473173761, 25.54363242814688
5.3254948043508, 122, 6695.066333233179, 6966.02519322614, 6783.894174809386, 25.831889668126017
5.273094814101, 123, 6750.110423655176, 7025.88279398663, 6841.563944089545, 26.621652934733568
5.2211948639971, 124, 6805.370752627837, 7085.929064677554, 6900.022683457222, 26.967103142534395
5.170194952348, 125, 6860.873862568029, 7146.762357016491, 6958.154118543632, 26.846791248461344
5.1191949522173, 126, 6916.993188913528, 7208.030426012017, 7016.725730892846, 27.3021344135939
5.068695002401, 127, 6973.556063277132, 7269.765687602038, 7075.666180626617, 28.302074661653236
5.0186950512658, 128, 7031.017825404395, 7331.453562057348, 7134.878313206223, 28.12509871049416
4.9998981278104, 129, 7052.420001717071, 7354.813443020936, 7157.545814626693, 28.5898077160704
4.9690969398851, 130, 7087.710120221466, 7393.493667780791, 7195.090045696901, 28.668626634320056
4.9195951011504, 131, 7145.769557190997, 7457.187975431818, 7255.9258272674915, 29.27415066694332
4.8709951893125, 132, 7203.819017607499, 7521.4637747539455, 7316.623013979484, 29.899102481310855
4.8223951905621, 133, 7263.449263946907, 7586.0296082076, 7378.270975102469, 31.013397396316474
4.7742952393643, 134, 7323.052941946352, 7650.60649983586, 7439.948282812835, 31.653525239076384
4.7266952893166, 135, 7382.249272170462, 7715.484534620235, 7502.229890449182, 32.501867689874814
4.6795953383932, 136, 7442.552195464206, 7780.804791325201, 7564.721512919884, 32.84880710612304
4.6328953773193, 137, 7503.219701025217, 7846.988542530903, 7627.5522319291595, 33.44021719758373
4.5862953884357, 138, 7565.750345489771, 7914.427617427296, 7691.1687027186, 34.299971779037534
4.5401954371605, 139, 7627.9476665470065, 7981.955093571935, 7755.434336563891, 34.85999710812892
4.4944954773608, 140, 7690.948953268435, 8049.35306392559, 7819.679418786825, 34.99928005664551
4.4489954970019, 141, 7754.806556363073, 8117.815747011424, 7883.309330755139, 35.587540350919106
4.4041955652541, 142, 7819.965080234726, 8187.690613805546, 7947.1865666894955, 36.44563324843083
4.3595955862291, 143, 7886.064772631413, 8258.731999807234, 8013.006629501266, 36.462321758086006
4.3154956348754, 144, 7951.170083576293, 8329.840472946533, 8080.965770340438, 37.40496509242975
4.2714956457356, 145, 8016.191286170857, 8402.446469073813, 8150.051626420815, 37.69315474676382
4.2278956849191, 146, 8080.713331875616, 8475.034592480195, 8219.290945508023, 38.54012077564412
4.1847957346183, 147, 8146.086398534117, 8548.47332799315, 8289.304187539761, 38.75812558473197
4.1421957839412, 148, 8211.543902816291, 8621.432614303318, 8360.295843854561, 39.55344856582237
4.0996957933227, 149, 8277.816566945774, 8696.058035260121, 8432.32497645932, 39.93741305632424
4.0576958434221, 150, 8344.658213660508, 8770.64507233808, 8505.529557917092, 40.16430078775186
4.016095882543, 151, 8412.829948935843, 8846.008651943386, 8578.461461644762, 40.293253419071355
3.9999983968381, 152, 8440.156388155721, 8875.605892201605, 8606.241907442962, 41.14643878946784
3.9745974762079, 153, 8482.35666556978, 8922.718577953818, 8650.271552637181, 41.44822683503766
3.9333959226401, 154, 8551.891707369621, 8999.605854423404, 8722.177614798693, 41.95966659597472
3.8927959810875, 155, 8621.21069824605, 9077.011132462756, 8794.655100345512, 41.69255283201278
3.8524960116453, 156, 8692.17456139563, 9154.75282139549, 8869.963905131435, 42.16168536916146
3.8122960213243, 157, 8762.998634638714, 9234.809490081603, 8946.738671430114, 43.29715315203129
3.7727960906753, 158, 8832.831529101673, 9314.400366142056, 9021.969921255459, 43.110578123441925
3.7332960909598, 159, 8905.123362401971, 9394.006622134002, 9098.718859974642, 44.31363816713413
3.694396149172, 160, 8978.868461405602, 9475.038986743084, 9174.663107476914, 44.15923414452821
3.6554961504128, 161, 9052.759814784124, 9558.350170916297, 9252.08797878129, 45.38145184570235
3.6171962090133, 162, 9126.155018431595, 9640.900637833058, 9329.986913675351, 45.53054900923887
3.5791962392067, 163, 9200.75125955728, 9722.906764459909, 9409.306411661535, 45.45776005830602
3.5412962492616, 164, 9275.895496762249, 9806.975861544382, 9489.232905249679, 45.929354464046675
3.5038962975901, 165, 9350.457417869537, 9893.696818590259, 9571.331842591271, 46.424273781076835
3.4666963184989, 166, 9426.940106270677, 9978.416304311413, 9652.593664529275, 47.27226512653609
3.4298963574366, 167, 9503.561802518125, 10064.208701710268, 9733.33960602824, 47.770155657708074
3.3932963778803, 168, 9580.272599024871, 10152.050939968862, 9817.358486868225, 48.54244897119405
3.3570964172975, 169, 9659.480902167534, 10239.488895794046, 9900.438685836012, 48.641986940595544
3.3210964361368, 170, 9738.819496385377, 10328.353282996768, 9983.596447905085, 49.40978534105952
3.2853964669301, 171, 9815.562963833032, 10417.19779092289, 10069.075550975123, 50.27325887039036
3.2500965057992, 172, 9896.462070649395, 10506.672630166388, 10153.770859424138, 50.153541957855666
3.2150965360807, 173, 9977.84643226993, 10599.696607334912, 10239.277135853925, 51.36007486157188
3.1802965558709, 174, 10058.173785674928, 10690.459010693836, 10327.459070078417, 51.930835161091494
3.1457965844131, 175, 10140.291253209576, 10783.148978563555, 10414.031369469227, 52.87508047121749
3.1116966250921, 176, 10223.102834867002, 10876.832405692634, 10502.5220439363, 53.70873564710137
3.0775966246924, 177, 10305.79324689238, 10970.131672468187, 10590.758021814174, 54.07274028457026
3.0439966746302, 178, 10391.528801305663, 11065.962595657737, 10681.999628165455, 55.234287282401226
3.0106967041849, 179, 10474.741013511755, 11161.647371994415, 10772.319300426134, 55.60613310538064
2.9999989338659, 180, 10501.472788071653, 11192.100157077519, 10801.248702515462, 56.00142577300213
2.9775977749025, 181, 10560.525540824292, 11257.213528136159, 10862.703761548666, 55.80281171204202
2.9447967537037, 182, 10647.11348320213, 11356.490613071752, 10955.59755229525, 56.493571405523525
2.9121967729219, 183, 10732.105082270416, 11453.672024264793, 11048.125059712318, 57.82493127561542
2.8799968131163, 184, 10820.538736286628, 11553.203048776502, 11141.165393054574, 59.06055455230179
2.8478968230392, 185, 10908.167140451158, 11653.803150814492, 11236.94478042729, 59.39425849905747
2.8161968611692, 186, 10997.478525493927, 11754.635480281879, 11330.602114240777, 61.37261624698517
2.7846968824631, 187, 11085.987894524435, 11857.082283084565, 11427.037950908008, 62.88284791624376
2.7534969112909, 188, 11176.156559409588, 11959.700756129943, 11523.27070846325, 63.78370437628313
2.7225969417497, 189, 11267.724162891383, 12063.898677531393, 11620.349767970407, 64.45289073180034
2.6917969516329, 190, 11359.670636597582, 12168.259840591512, 11718.889575933124, 65.48234168388669
2.6613969896475, 191, 11452.357049324877, 12273.486589795106, 11817.96965596564, 66.75677911244526
2.6311970110637, 192, 11543.390441399079, 12380.76255632994, 11917.9930960184, 68.34787304174381
2.6012970397941, 193, 11639.162433178437, 12486.802851780923, 12017.035455550034, 69.48449586451684
2.5715970605319, 194, 11736.381360840569, 12599.97150759916, 12118.260701172221, 69.9544928339774
2.5420970801678, 195, 11832.265481928767, 12710.002109122666, 12221.78825838149, 71.86349419234746
2.5127970984621, 196, 11928.448765067616, 12822.112568926215, 12327.245902774346, 72.19505070113205
2.4837971298166, 197, 12026.187467642265, 12935.140014118966, 12433.757930005528, 74.40917993048511
2.4550971584517, 198, 12123.108241006736, 13049.559691456825, 12541.767347260642, 76.0806755774686
2.4266971890604, 199, 12220.077514431818, 13161.360372518084, 12648.251309036874, 77.08134680219409
2.398397198851, 200, 12317.674403048191, 13280.224520583739, 12759.148325692098, 78.05317627070131
2.3702972170163, 201, 12418.844198069266, 13394.507405834156, 12868.127299704352, 80.17032752603932
2.342497248516, 202, 12516.569015363275, 13511.292673138676, 12978.965786298577, 80.53229949262389
2.3148972672429, 203, 12616.544157523724, 13630.89481457592, 13091.609981965714, 82.14384172470223
2.2874972881474, 204, 12718.612950047256, 13750.35056497181, 13205.595149783592, 81.76293731755698
2.260397317501, 205, 12820.469904274218, 13871.023075805979, 13318.59865419253, 83.94233041943161
2.2334973355228, 206, 12923.311900741144, 13990.687864541651, 13433.47645464107, 84.54535916224837
2.206897367167, 207, 13025.12643038591, 14111.58725381831, 13545.888463870351, 85.95885773593497
2.1804973857769, 208, 13129.773495693704, 14235.235904683275, 13663.974707445816, 86.45079118589598
2.1541973969803, 209, 13234.466705168075, 14360.339163477214, 13779.966911325644, 87.36426961504749
2.1280974164773, 210, 13341.568158519181, 14486.053573852572, 13897.794252374282, 88.9008890539127
2.1023974539628, 211, 13453.184107672303, 14614.928770820483, 14017.541712817936, 90.49583827600229
2.0766974563767, 212, 13562.78282229514, 14744.094365341261, 14140.18169213505, 91.25304913605905
1.9999999179969, 213, 13900.668627005125, 15140.003354718521, 14509.250605121955, 93.19037854497353
