z, snapnum, center_x, center_y, center_z, Rvir
9.372951726659899, 148, 4110.265041173434, 4203.194635151006, 4117.837155676305, 7.550208722852181
9.341562229282356, 149, 4122.682988395105, 4216.0862015401, 4130.390542555457, 7.600994539152138
9.310267719384903, 150, 4135.00622517389, 4229.0021916084415, 4142.975182084309, 7.6793680039019465
9.279067909526765, 151, 4147.252878358844, 4242.041383400143, 4155.582736276166, 0.12414819324984855
9.247962513136997, 152, 4159.649263405124, 4255.134343467196, 4168.2715520714855, 7.744263045534203
9.216951244511836, 153, 4172.076974503657, 4268.160139004869, 4181.012182144596, 7.7911735155506285
9.186033818812081, 154, 4184.566388995482, 4281.216519361944, 4193.816882049299, 7.91927395954366
9.155209952060499, 155, 4197.0400338524105, 4294.298864507237, 4206.634493100043, 8.018130180600782
9.124479361096679, 156, 4209.536558916989, 4307.413215035304, 4219.48825409899, 8.200012509406408
9.093841763744578, 157, 4221.98924071715, 4320.562928123359, 4232.403340122615, 8.23734403010664
9.063296878554564, 158, 4234.719266781047, 4333.750295201133, 4245.338048054767, 0.1332571836356815
9.032844424971177, 159, 4247.309085219258, 4346.953231162688, 4258.306460534585, 8.477465397413933
9.002484123287946, 160, 4259.929362906682, 4360.24033816456, 4271.293903160046, 8.653887541340755
9.000000000032925, 161, 4260.975061824325, 4361.329318292911, 4272.360231451328, 8.714397158081336
8.972215694644833, 162, 4272.637900306485, 4373.544621333573, 4284.324303358014, 8.70776626068706
8.942038861025638, 163, 4285.238260061228, 4386.907408476161, 4297.400890711536, 8.733928838145932
8.911953345255467, 164, 4297.834766159689, 4400.319162224678, 4310.546581351262, 8.852294353292468
8.881958870998195, 165, 4310.491910441073, 4413.82907053244, 4323.7319189701375, 8.955498606444381
8.852055162753903, 166, 4323.021090389292, 4427.393159789916, 4336.925957303662, 8.959934785359902
8.822241945856351, 167, 4335.833618478037, 4440.966351684881, 4350.171020436782, 9.049710708465765
8.792518946470492, 168, 4348.4775442893615, 4454.627178341281, 4363.385503231519, 9.132318856902366
8.762885891589903, 169, 4361.141181279921, 4468.345123539033, 4376.690284096502, 0.14686864093016297
8.733342509034319, 170, 4374.042580787644, 4482.143035797462, 4390.043922407184, 9.197898558281363
8.70388852744711, 171, 4386.9643439431065, 4495.980962163771, 4403.446617340589, 9.364584586182126
8.67452367629279, 172, 4399.9630754616255, 4509.874540093267, 4416.866934745184, 9.417684139917117
8.645247685854553, 173, 4413.0181840747055, 4523.832961356782, 4430.410939299674, 0.1504965989001315
8.616060287231772, 174, 4426.1299465501625, 4537.823574311168, 4443.91719438423, 9.453546788149593
8.586961212337533, 175, 4439.3279521861805, 4551.782566219736, 4457.489871223502, 9.606440722542926
8.557950193896191, 176, 4452.677951653268, 4565.787401306171, 4471.190454309348, 9.619201467459696
8.52902696544089, 177, 4465.880646362511, 4579.946852557471, 4484.920586189731, 0.1317380240643673
8.500191261311127, 178, 4479.399512746936, 4594.114466358632, 4498.684674821159, 9.84218162604991
8.471442816610566, 179, 4492.850615105564, 4608.30620960531, 4512.479249980978, 9.904686442639681
8.442781367363729, 180, 4506.252239263323, 4622.611609370657, 4526.30020925424, 10.034491169009838
8.414206650274684, 181, 4519.852824548631, 4636.915882488331, 4540.236789142047, 9.980339554950598
8.385718402884024, 182, 4533.413531181508, 4651.290192402928, 4554.236132384164, 0.18653563369159637
8.357316363526559, 183, 4547.024432465845, 4665.686445621523, 4568.216785519102, 0.13415545016808503
8.329000271328917, 184, 4560.612669557362, 4680.145134252269, 4582.231404171307, 10.212733666803238
8.300769866207165, 185, 4574.311203066125, 4694.656986517471, 4596.363199468034, 10.457623410350555
8.2726248888644, 186, 4588.095284852167, 4709.2396201440815, 4610.493859786016, 10.474917389091466
8.24456508078837, 187, 4601.929026832612, 4723.915379419504, 4624.649596700311, 10.49399853053389
8.216590184249123, 188, 4615.949074338888, 4738.661294540218, 4638.814377310444, 10.600494508048254
8.1886999422966, 189, 4629.817746810343, 4753.480455497498, 4652.996499721515, 10.814520670471786
8.160894098758304, 190, 4643.796113962536, 4768.280623031963, 4667.370795145937, 10.74301190246022
8.13317239823695, 191, 4657.91964815864, 4783.095770226945, 4681.691696893341, 10.815592900384218
8.10553458610809, 192, 4672.077276109607, 4797.987173684284, 4696.129561777334, 10.984330756411456
8.077980408517814, 193, 4686.31318108064, 4812.9163285185805, 4710.633087723556, 10.915163471872155
8.050509612380376, 194, 4700.594306940021, 4827.964149908821, 4725.2075230893215, 11.018875588472465
8.023121945375896, 195, 4715.075591670525, 4842.980967762106, 4739.598242987055, 11.236729168977947
8.000000000027345, 196, 4727.216629309454, 4855.828372961078, 4751.915735111931, 11.263509321449863
7.995817155948053, 197, 4729.427664001324, 4858.169725070258, 4754.1496976903245, 11.262034127289668
7.968594993301741, 198, 4743.821870715095, 4873.174955217834, 4768.742409896947, 11.337478702780476
7.941455207400782, 199, 4758.166227023038, 4888.331378795309, 4783.4076017371135, 11.228536248130476
7.914397548965644, 200, 4772.424745501879, 4903.445339907888, 4798.123191229795, 11.431787460885358
7.88742176947113, 201, 4786.592311037146, 4918.5734579148275, 4812.8524250916325, 11.39036188773741
7.8605276211069, 202, 4800.874448335926, 4933.761739141532, 4827.496243709034, 11.574554857188826
7.833714856924113, 203, 4815.388791187357, 4949.085409908105, 4842.290758211626, 11.7131805327486
7.806983230609616, 204, 4829.82317663683, 4964.481290694113, 4857.04689166664, 11.704011260923645
7.780332496632823, 205, 4844.327123357936, 4979.938346120411, 4871.923406719817, 11.753592164214544
7.7537624102061535, 206, 4858.746533802963, 4995.4457219624865, 4886.924305439825, 11.816940194251092
7.727272727282768, 207, 4873.62742866229, 5011.004544433791, 4901.7676718360135, 11.88781843001327
7.700863204554334, 208, 4888.310554454559, 5026.587492862198, 4916.761645363023, 11.887716897386898
7.6745335994488, 209, 4903.02348158047, 5042.153121710756, 4931.539760859149, 11.950667791866316
7.648283670128153, 210, 4917.837309578272, 5057.722537213534, 4946.616440224742, 12.021513781005373
7.6221131754862, 211, 4932.5855361564745, 5073.454568186554, 4961.709522499166, 12.141600120755353
7.5960218751463735, 212, 4947.317783373383, 5089.161385690008, 4976.909180787139, 12.335903333646504
7.570009529459494, 213, 4961.9982490534, 5104.989856684991, 4992.059951312603, 12.244970945417338
7.544075899501577, 214, 4976.697831656172, 5120.732391679291, 5007.15426927167, 12.482793844297401
7.518220747071663, 215, 4991.563417395671, 5136.705388799145, 5022.5382127619105, 12.512069817523937
7.49244383468959, 216, 5006.433426888846, 5152.595818544642, 5037.854422848258, 12.626754880348207
7.466744925593851, 217, 5021.3007279723, 5168.704620612663, 5053.224567993787, 12.533176367192187
7.441123783739387, 218, 5036.2929110850555, 5184.879562660515, 5068.815306671603, 12.638375247701083
7.415580173795435, 219, 5051.649539160461, 5200.97977754062, 5084.2309766186245, 12.689899623306374
7.390113861143373, 220, 5066.7309999056815, 5217.285486133564, 5099.891499865599, 12.77664062395932
7.36472461187455, 221, 5081.801593805598, 5233.452007582317, 5115.603244153335, 12.820835929791333
7.339412192788137, 222, 5098.801593805598, 5250.452007582317, 5130.603244153335, 12.932695922673599
7.314176371354108, 223, 5112.274438624423, 5265.824995438183, 5147.423042078077, 13.032447288481249
7.289016915850782, 224, 5127.413994022456, 5282.055268995329, 5163.186859772836, 13.30801403111097
7.263933595152988, 225, 5142.431703574635, 5298.46281760572, 5179.0312703179425, 13.264168419449181
7.238926178869873, 226, 5157.697645105047, 5314.866937396384, 5194.9229464811015, 13.452816372992025
7.213994437307754, 227, 5173.02310879137, 5331.411924148871, 5210.7698936973175, 13.487474472620928
7.189138141468028, 228, 5188.722284325627, 5347.916651192579, 5226.545249786771, 13.505702717041729
7.164357063045067, 229, 5204.278949969958, 5364.353521825739, 5242.328493690662, 13.579840101613653
7.139650974424109, 230, 5219.762957543195, 5380.807405923618, 5258.1361557309865, 13.76303341872976
7.115019648679175, 231, 5235.38524163773, 5397.385465597448, 5274.229762451874, 13.67242760106483
7.090462859570993, 232, 5250.982399395719, 5413.910391647605, 5290.295248251939, 13.850721572877207
7.065980381544906, 233, 5266.6225580872615, 5430.626985584906, 5306.5228078439, 13.846066988183074
7.041571989728801, 234, 5282.384362285491, 5447.452959493328, 5322.859647457778, 13.888181085324428
7.017237459931062, 235, 5298.280086266265, 5464.295994374853, 5339.1860417802745, 13.93019591204908
7.000000000026073, 236, 5309.568214935089, 5476.352213763693, 5350.738981496997, 14.125032977157609
6.9929765686384835, 237, 5314.1303533298415, 5481.276369644922, 5355.484536417118, 14.070540478175602
6.968789093014237, 238, 5329.952613266608, 5498.284344994632, 5372.127806725543, 14.35170525518928
6.944674810895823, 239, 5345.646513897295, 5515.436121899683, 5388.663079758599, 14.429222958888493
6.920633500793016, 240, 5361.599446685293, 5532.584810946684, 5405.3230035382685, 14.444680233667166
6.8966649418858506, 241, 5377.538668261896, 5549.616261145324, 5421.930479701616, 14.691350635018525
6.872768914022577, 242, 5393.453513759282, 5566.882131167693, 5438.637389423075, 14.54870325279898
6.84894519771764, 243, 5409.625984810502, 5584.2420963014, 5455.351813071844, 14.725848725516771
6.82519357414968, 244, 5425.668101719773, 5601.793044836099, 5472.0262210511355, 14.897816808652864
6.801513825159502, 245, 5442.054835192069, 5619.127697000603, 5488.732691040126, 14.92854898648175
6.777905733215435, 246, 5458.363356738944, 5636.5803590623555, 5505.64576898925, 14.83215445214873
6.754369081542016, 247, 5474.639296338518, 5654.203449620925, 5522.531657715737, 15.003998255369952
6.7309036539218345, 248, 5490.828076103681, 5671.759951890925, 5539.403111414486, 15.017866085172617
6.707509234824409, 249, 5507.444079941022, 5689.257593512736, 5556.3524569178935, 15.275985557511842
6.6841856093714815, 250, 5524.089003369912, 5707.085825432101, 5573.2305557194595, 15.247685153334233
6.660932563335029, 251, 5540.7900418804775, 5724.670616771889, 5590.414506919934, 15.554932580375814
6.6377498831353, 252, 5557.604591384723, 5742.421410719318, 5607.572745449346, 15.4903121695366
6.614637355838868, 253, 5574.232305758671, 5760.355103749669, 5624.684256832875, 15.60837668877871
6.591594769156647, 254, 5590.990751819213, 5778.275493529565, 5641.86154259823, 15.78688482566927
6.568621911441964, 255, 5607.749214740318, 5796.159700187954, 5659.282069133328, 15.882847604916979
6.545718571688611, 256, 5624.594404482202, 5814.318994256507, 5676.713967565876, 15.718760017877788
6.522884539528897, 257, 5641.46245250929, 5832.492594712766, 5694.020918182842, 16.01770506579575
6.500119605231728, 258, 5658.149973057777, 5850.640599474175, 5711.577611393891, 16.062992127788267
6.477423559700673, 259, 5674.867101370524, 5868.797039600942, 5729.118101053581, 16.119615027749255
6.454796194472052, 260, 5691.660082075214, 5887.079962134536, 5746.845315023476, 16.201891311220066
6.432237301713, 261, 5708.651713337481, 5905.45386898311, 5764.389651188094, 16.21475145791835
6.409746674219593, 262, 5725.780417499347, 5923.877944336615, 5782.038611688487, 16.556194566670413
6.3873241054149075, 263, 5742.86560027313, 5942.55605451757, 5799.761188737032, 16.35349711859828
6.364969389347157, 264, 5759.918262311631, 5960.964696799437, 5817.530526954868, 16.48690908596663
6.342682320687767, 265, 5777.353462014013, 5979.498166799003, 5835.4145492737, 16.570509609298394
6.320462694729515, 266, 5794.8212941502925, 5998.087327106828, 5853.439055157116, 16.592443788205397
6.298310307384643, 267, 5812.264933887309, 6016.86309631343, 5871.416671585743, 16.866192038473024
6.276224955152436, 268, 5829.774844485271, 6035.809237946142, 5889.353136962737, 16.801698746471043
6.254206435239618, 269, 5847.405003967829, 6054.788496516497, 5907.183309693956, 16.94705551093364
6.232254545374951, 270, 5864.8707402299015, 6073.5088326769555, 5925.324441440546, 17.15758857749876
6.210369083929843, 271, 5882.548379843401, 6092.478418657481, 5943.368089038946, 17.140708779517325
6.188549849885837, 272, 5900.049787343877, 6111.446441126187, 5961.532478327813, 17.000449667035994
6.166796642832787, 273, 5917.657980511197, 6130.622165497353, 5979.682890003417, 17.099462221754337
6.145109262966996, 274, 5935.189041809414, 6149.627474286259, 5998.07196421259, 17.196102356155176
6.123487511089393, 275, 5953.060639905222, 6168.553803223679, 6016.27894081596, 17.50667929942283
6.10193118860371, 276, 5970.573528000147, 6187.66608231413, 6034.811104777103, 17.584238579686588
6.080440097514641, 277, 5988.247908954046, 6206.767215859952, 6053.196795730026, 17.69708865493757
6.059014040426029, 278, 6005.92649192012, 6225.906013982281, 6071.7756601747415, 17.589769967236208
6.037652820539071, 279, 6023.832753317792, 6245.119230916591, 6090.478748058393, 17.574204353178377
6.016356241650478, 280, 6041.753126628815, 6264.483720174781, 6109.3615681562005, 17.60746636898902
6.000000000011188, 281, 6055.4955165909605, 6279.3077596116445, 6123.998428836048, 17.83611813135941
5.995124108150697, 282, 6059.704118421053, 6283.7208919858795, 6128.303304160075, 17.873983431314407
5.973956225022113, 283, 6077.82212016558, 6303.378575006494, 6147.240708559235, 17.77283001060176
5.952852397837243, 284, 6096.147140648618, 6323.137315247906, 6166.277830164446, 17.85106206952015
5.931812432756959, 285, 6114.413821634515, 6342.960739150719, 6185.336957517743, 17.995542637674
5.910836136528719, 286, 6132.916796220567, 6362.90945432978, 6204.5209997040365, 18.096684692882384
5.889923316484769, 287, 6151.527450485804, 6382.958386642857, 6223.64862076998, 18.17523799766446
5.8690737805403925, 288, 6170.035400060524, 6403.104834367099, 6242.5492390425425, 18.297876010053344
5.848287337192134, 289, 6188.406052983571, 6423.112455742498, 6261.508475446608, 18.464538939199937
5.827563795487392, 290, 6207.002124470578, 6443.370400735358, 6280.627982896548, 18.60385269935379
5.806902965137368, 291, 6225.6716468628465, 6463.466115681219, 6299.867997619274, 18.548583422637762
5.78630465634314, 292, 6244.495713644768, 6483.687187122007, 6318.952118895263, 18.803773144027407
5.765768679908774, 293, 6263.295685716966, 6503.904846428714, 6338.43659901881, 18.93344700752031
5.745294847210869, 294, 6282.019438751585, 6524.14219517722, 6357.7604733847775, 19.071740379248467
5.724882970196816, 295, 6300.842179263404, 6544.293536083379, 6376.910333506288, 19.01682480687317
5.704532861383066, 296, 6319.727533246102, 6564.625784098197, 6396.415824413264, 19.366076218002505
5.684244333853419, 297, 6338.665320348128, 6585.032406563445, 6415.559742473416, 19.06709261353591
5.664017201257295, 298, 6357.665320348128, 6605.532406563445, 6435.259742473416, 19.66268324659521
5.643851277808024, 299, 6376.53749525422, 6626.092163918724, 6455.08243667992, 19.452180300681942
5.623746378281157, 300, 6395.577858409363, 6646.7334326397395, 6475.031167561703, 19.377191714886806
5.603702318012738, 301, 6414.636299796142, 6666.9797275865385, 6494.953473616771, 19.663876990131843
5.583718912897624, 302, 6433.506833449445, 6687.881858357311, 6514.577861457889, 19.748558002911338
5.563795979387799, 303, 6452.755817293867, 6708.583684515585, 6534.313255602963, 19.80155659753519
5.543933334490668, 304, 6471.9786249316985, 6729.717332492598, 6554.585042885185, 19.752770675368723
5.524130795767393, 305, 6491.256971216359, 6750.644111848679, 6574.757212747865, 19.942984253356443
5.50438818133122, 306, 6510.789485558937, 6771.773234829095, 6594.933706253469, 19.95689782409576
5.484705309845789, 307, 6530.326281004291, 6793.062820176227, 6615.533365666351, 20.023995493132638
5.465082000523485, 308, 6550.033152315672, 6814.626684855083, 6635.717050166203, 20.126945012473982
5.445518073123778, 309, 6569.586686709587, 6835.873835212072, 6656.189794006073, 20.431106299007634
5.426013347951553, 310, 6589.262222734711, 6857.425748108809, 6676.721354863309, 20.405658153176002
5.40656764585548, 311, 6608.873774496257, 6878.992532870286, 6697.489073467692, 20.622192988176007
5.387180788199535, 312, 6628.574600342213, 6900.665395632436, 6718.047361652724, 20.768427693615443
5.367852596968702, 313, 6648.31840509216, 6922.049049938762, 6738.976337171976, 21.099114610922452
5.348582894606217, 314, 6668.320398484586, 6943.981885124882, 6759.72899770582, 21.36360467659212
5.32937150411944, 315, 6688.437951133792, 6965.533088945969, 6780.1661998681975, 21.326004129370315
5.3102182490513155, 316, 6708.534184801292, 6987.112346272078, 6800.8777085194615, 21.17571332638237
5.291122953478768, 317, 6728.412178050069, 7008.773022997178, 6821.693169207784, 21.391690659382807
5.272085442011082, 318, 6748.533126294182, 7030.32427177793, 6842.491158537055, 21.575547615038513
5.253105539788289, 319, 6768.5811957570795, 7052.226536422782, 6863.519851483907, 21.813647191210755
5.234183072479565, 320, 6788.856598215349, 7074.009103625213, 6884.494448815663, 21.915858502228286
5.215317866281626, 321, 6809.044556100675, 7095.984271072975, 6905.688024415919, 22.022405461280055
5.1965097479171245, 322, 6829.269621985456, 7118.218941683462, 6926.911359574614, 22.335630049889193
5.177758544633082, 323, 6849.437639853671, 7140.219219653305, 6948.295837915282, 22.544742298531645
5.159064084199271, 324, 6869.591087688475, 7162.522371402134, 6969.705659235849, 22.618242848075237
5.140426194906658, 325, 6890.017185328185, 7185.226803191702, 6991.3377557808535, 22.75069713665519
5.121844705565814, 326, 6910.849848037086, 7207.780837043692, 7012.981513816304, 23.03194652597556
5.103319445505342, 327, 6931.598258150878, 7230.469865172994, 7034.581022178609, 22.97818331783211
5.0848502445703145, 328, 6952.5278357650695, 7253.189072140599, 7056.072376238543, 23.467345299496234
5.066436933120713, 329, 6973.498593250069, 7275.7516460381785, 7077.983904426331, 23.116245459399934
5.048079342029855, 330, 6994.4125368984005, 7298.484188432696, 7099.723310865631, 23.27710200565844
5.029777302682856, 331, 7015.231850962547, 7321.370292472285, 7121.3070765651155, 23.299629923300063
5.011530646975081, 332, 7036.23251741243, 7344.1290767834325, 7142.936094696566, 23.851608431178857
5.000000000003041, 333, 7049.528281443565, 7358.7594043869785, 7156.838487691322, 23.88140767963415
4.9933392073105844, 334, 7057.0676423321875, 7367.201820017782, 7164.936726390251, 23.815315413593996
4.97520281657551, 335, 7077.994689807866, 7389.975860019643, 7186.870074339072, 23.984836997586605
4.957121308236941, 336, 7098.963677075236, 7412.878191014189, 7209.03869540155, 24.20881613590851
4.939094516190658, 337, 7120.091251684715, 7436.180796460252, 7231.519748263186, 24.375472423287032
4.921122274860176, 338, 7141.366259132653, 7459.452253569186, 7253.951507224053, 24.36294610705243
4.903204419170059, 339, 7162.629411538001, 7482.75971039823, 7276.307652997448, 24.583434964243416
4.885340784544402, 340, 7184.020142856084, 7506.160260952835, 7298.6560992269015, 24.870899222033366
4.867531206905317, 341, 7205.510776363642, 7529.548576502716, 7321.054684172539, 24.94962167842458
4.849775522671441, 342, 7226.74654763733, 7552.925534962912, 7343.622353525031, 25.127287248061027
4.832073568756414, 343, 7248.101140837604, 7576.796276815971, 7366.037264377934, 25.202018435340495
4.814425182567397, 344, 7269.487207579967, 7600.5954418631845, 7388.459341411408, 25.54545626470856
4.796830202003568, 345, 7291.105268521696, 7624.318570088036, 7411.033662806061, 25.41914730588105
4.779288465454633, 346, 7312.703823894213, 7648.032402611466, 7433.543120505418, 25.59113379537186
4.761799811799357, 347, 7334.098326333242, 7672.036277290815, 7456.14219244191, 25.984215466693406
4.744364080404063, 348, 7355.824627642346, 7695.667392676375, 7478.774127487176, 26.079238126956582
4.726981111121163, 349, 7378.044708370377, 7719.758957602778, 7501.40965947578, 25.988423375702588
4.709650744287704, 350, 7400.026380600131, 7743.811360055328, 7524.321284172744, 26.20160798642459
4.692372820723876, 351, 7422.266093858581, 7767.633174490663, 7547.326346049785, 26.469616388682834
4.675147181731562, 352, 7444.547636081082, 7791.53463075514, 7570.351244948974, 26.990884247616922
4.657973669092891, 353, 7466.972769842224, 7815.662549638242, 7593.375083152362, 27.082945478767698
4.640852125068758, 354, 7489.012173270309, 7839.798076539134, 7616.687937521105, 27.346832024405316
4.623782392397401, 355, 7511.413905909243, 7864.044724216746, 7639.782942049902, 28.125591452310783
4.606764314269412, 356, 7533.716893901498, 7888.675485015439, 7663.269033544341, 28.38848646709258
4.589797734420503, 357, 7556.132858383618, 7913.507253162354, 7686.550076234677, 29.96256753392305
4.572882496988648, 358, 7578.889078804283, 7938.415588534043, 7710.48446522605, 30.39086724947273
4.556018446607021, 359, 7601.719336504329, 7963.0271556936195, 7733.877399010433, 30.84200593662409
4.5392054283789385, 360, 7624.253205436347, 7987.868690467634, 7757.462354345306, 31.525142004596724
4.522443287876451, 361, 7647.331943935144, 8012.6722932744615, 7781.151979225362, 31.77972873694138
4.505731871138927, 362, 7670.007549343893, 8037.452314809168, 7804.713327022182, 31.476201948816147
4.489071024671629, 363, 7692.978444446833, 8062.2800533559575, 7828.815377502166, 32.009218029217095
4.472460595444307, 364, 7716.039984003128, 8086.979574135469, 7852.767121256797, 32.25921773481932
4.4559004308898045, 365, 7739.183393917789, 8112.076025591544, 7876.621816221043, 32.749124812094024
4.439390378902635, 366, 7762.263732290819, 8136.999688324221, 7900.275324728129, 33.004593590654586
4.422930287837601, 367, 7785.4590551847905, 8162.1230475727225, 7923.949577707906, 33.09789288255912
4.406520006508403, 368, 7808.849752176146, 8187.60750241503, 7947.83010358898, 33.43845999400067
4.390159384186236, 369, 7831.8513268140005, 8212.89944423788, 7971.720654642754, 33.543051083090724
4.3738482705984225, 370, 7855.107494033781, 8238.400477554667, 7996.066653899003, 33.47164585533596
4.357586515927018, 371, 7878.8668255094235, 8263.91418031555, 8020.254873967044, 33.52273543458815
4.34137397080744, 372, 7902.7574015947075, 8289.654275695173, 8044.748576787553, 33.790951687920156
4.325210486327104, 373, 7926.539124391963, 8315.451504622042, 8069.408511320237, 33.93533811205773
4.309095914024043, 374, 7950.428043454835, 8341.185375519313, 8094.257224592904, 34.244608961463896
4.2930301058855465, 375, 7974.596057424395, 8367.009368603758, 8118.9049023775615, 34.58202392610728
4.2770129143468125, 376, 7998.715746546734, 8392.99131200886, 8143.210062622547, 34.79656747860613
4.261044192289577, 377, 8022.753966116155, 8418.767795251248, 8167.366387504312, 35.211102774423644
4.2451237930187515, 378, 8046.9880124877845, 8445.306110476065, 8191.443156225381, 35.29115895205989
4.22925157034922, 379, 8071.817202624502, 8471.709825473958, 8215.961146950309, 35.190590263762004
4.213427378472176, 380, 8096.524993281801, 8498.52635939456, 8240.577590788202, 35.85483329244674
4.197651072042059, 381, 8120.772587410846, 8525.291137448225, 8265.330405696348, 36.04260427511879
4.18192250615315, 382, 8145.690367356625, 8552.762913236424, 8290.175282299002, 35.98283591799332
4.166241536338215, 383, 8170.489105824764, 8579.838228546978, 8315.689382325101, 36.095981616433995
4.150608018567195, 384, 8195.16293583283, 8607.2459703528, 8341.41595395169, 36.00827538597451
4.135021809245885, 385, 8219.67504439344, 8634.588797088176, 8366.933842903984, 36.744659708352465
4.1194827652146015, 386, 8244.48925021173, 8662.272107760527, 8392.709675987144, 36.75777695919819
4.103990743746875, 387, 8268.878499913959, 8689.44920783446, 8418.477136320973, 36.831627884815795
4.088545602548146, 388, 8293.491303684174, 8716.984865059077, 8444.417741504112, 37.237626030137314
4.073147199754449, 389, 8318.003490256937, 8744.60597862353, 8470.741539907907, 37.115985914557804
4.057795393931105, 390, 8342.7872040059, 8771.9767049739, 8497.640219385534, 37.477664827770724
4.042490044071439, 391, 8367.530521844788, 8799.766285067337, 8524.68760070649, 37.62152802608021
4.027231009595468, 392, 8392.126364565078, 8827.354856295253, 8551.737871819445, 38.23141597053644
4.012018150348622, 393, 8416.478569661975, 8854.600177304987, 8578.424730287255, 37.94005154914322
4.0000000000110285, 394, 8435.976387276987, 8876.462621130651, 8599.745768691697, 38.49936039543271
3.9968513266004475, 395, 8441.171336777204, 8882.147274515113, 8605.413070808416, 38.74786770734916
3.981730399043329, 396, 8465.854923342287, 8909.920759978993, 8631.831108063678, 38.43313548309431
3.966655228791211, 397, 8490.963499976631, 8938.290221052715, 8658.210357597725, 38.729469120284655
3.951625677378318, 398, 8516.663436299046, 8966.60878171018, 8684.926437931019, 39.349365862305625
3.9366416067578784, 399, 8541.818957967589, 8994.714257377871, 8711.22052121023, 39.18055556580001
3.921702879300879, 400, 8567.44047626494, 9023.100507131036, 8738.322315265883, 39.16306360356569
3.9068093577741703, 401, 8592.801462866753, 9051.082340185581, 8765.382499406593, 39.09341095407779
3.8919609054216817, 402, 8618.277853860418, 9079.093467169414, 8792.38426461304, 39.68656890589197
3.87715738583939, 403, 8643.47890203659, 9107.261987687902, 8819.996867922135, 39.860863443059486
3.862398663056635, 404, 8669.428723144638, 9135.578514372206, 8847.505551274562, 40.2005413968598
3.847684601514217, 405, 8695.494321859494, 9164.655679643296, 8874.589172085238, 40.44999726587302
3.8330150660631555, 406, 8721.334903410983, 9193.886791089413, 8901.85643683985, 39.93194877224365
3.818389921963437, 407, 8747.190456963903, 9222.672763633764, 8929.130094045579, 40.77047722362355
3.8038090348827867, 408, 8773.660090794163, 9251.953042591036, 8956.246949122862, 41.06779669927074
3.789272270895432, 409, 8800.388749331902, 9281.46087717909, 8983.719192352119, 40.41608452318258
3.7747794964808703, 410, 8827.031019084186, 9310.638402643222, 9011.378248254014, 41.185251170510305
3.7603305785226446, 411, 8853.17006764626, 9340.070023007673, 9038.999122336727, 40.73935290581414
3.745925384307122, 412, 8879.332538407338, 9369.657258804393, 9067.309058586578, 40.95140720192177
3.7315637815222713, 413, 8905.554625976703, 9398.826483077291, 9095.72227675879, 41.92321921872391
3.717245638256446, 414, 8931.576295880872, 9428.077022123956, 9124.00031863059, 41.71976985728204
3.7029708229971874, 415, 8957.89454884787, 9457.664047576656, 9152.414736240611, 42.039012742038906
3.688739204629994, 416, 8984.219669498149, 9487.00915304898, 9180.497469358426, 41.7292820530392
3.6745506524371354, 417, 9011.108932893381, 9516.842256686237, 9208.47470968613, 41.61688770294066
3.6604050360964413, 418, 9038.13238765445, 9546.283705142825, 9236.828541126579, 41.7663630440604
3.646302225680108, 419, 9065.461423332219, 9577.15213688942, 9265.33912065798, 42.562881685719105
3.632242091653511, 420, 9092.773991120004, 9607.542208690033, 9294.109455365518, 42.580778624457615
3.6182245048740027, 421, 9120.267040798388, 9638.15986491201, 9322.91847576397, 42.31236352093869
3.60424933657041, 422, 9147.168242808046, 9668.327401014247, 9351.743035636506, 43.08265085389951
3.590316458419207, 423, 9174.137209744209, 9699.407522241645, 9380.753056650594, 42.55832527036351
3.576425742427219, 424, 9201.396579403174, 9730.448631348401, 9409.706512221377, 43.34297837723937
3.562577061007903, 425, 9228.607631770048, 9760.81194005614, 9439.151161467113, 43.51114167831524
3.5487702869608144, 426, 9255.94558369687, 9790.813026516256, 9468.32577159873, 43.27164809024639
3.535005293470424, 427, 9283.57796828271, 9822.049877118756, 9497.445739458226, 43.854160527576184
3.521281954104958, 428, 9310.975295066479, 9852.629869219332, 9526.738940279849, 44.129752650197744
3.5076001428152406, 429, 9339.081134216332, 9883.514250568029, 9556.407628801508, 44.016978520636115
3.4939597339335267, 430, 9366.907776681375, 9915.116926966222, 9585.584838024864, 43.79370301970935
3.4803606021723557, 431, 9394.979999967798, 9946.636582006739, 9615.215023311986, 44.32059327639362
3.466802622623403, 432, 9423.191776070906, 9978.314781425453, 9645.488630806347, 44.1776158782899
3.45328567075632, 433, 9451.544486547522, 10009.751279546843, 9675.087103605543, 44.129282940789366
3.4398096224175996, 434, 9479.045648590542, 10041.375670438983, 9704.944962901234, 44.171105639362615
3.426374353829442, 435, 9507.34449458227, 10073.04639259791, 9735.250703908825, 44.925557373794966
3.412979741588602, 436, 9535.301606001427, 10104.90512850057, 9765.514195786305, 44.53848117615574
3.399625662665267, 437, 9563.751256367785, 10136.777826600302, 9796.068383784972, 45.33988320120991
3.386311994401926, 438, 9592.425944020984, 10168.762331461845, 9826.676220154279, 44.97771271437745
3.373038614512234, 439, 9620.82140047073, 10200.810709815174, 9856.999150913052, 44.94144353969427
3.359805401079906, 440, 9649.784580424766, 10233.309026495423, 9887.101016005867, 45.29488982553105
3.346612232557578, 441, 9678.444491106271, 10265.717979165722, 9917.5988481638, 45.23372529336797
3.3334589877657006, 442, 9706.790777143335, 10298.034215029345, 9947.608404546689, 45.827824446940824
3.3203455458914313, 443, 9735.797627495993, 10330.796582453546, 9978.270963303785, 45.91057707999769
3.307271786469429, 444, 9764.462234799745, 10363.095181106732, 10009.51246810962, 45.92215265194927
3.2942375894531395, 445, 9793.626460269867, 10395.774565735492, 10040.938515680326, 45.87887950748525
3.281242835105034, 446, 9822.825130572863, 10428.715425258768, 10071.735270834064, 46.27791584488117
3.2682874040680066, 447, 9852.13298770581, 10461.26573377651, 10103.989466187595, 46.590027394423984
3.255371177346131, 448, 9881.229468898326, 10495.161120739087, 10135.283566927836, 46.33655027519565
3.2424940363035795, 449, 9910.66429843002, 10527.95790750297, 10165.982027305638, 47.41584504494914
3.229655862663522, 450, 9939.946027165774, 10561.596455599143, 10197.399686400047, 46.891599283243856
3.216856538507045, 451, 9969.487070662592, 10594.891579989917, 10229.010079114378, 47.532930385154486
3.2040959462720737, 452, 9999.076823216918, 10628.243210509072, 10260.371638416365, 47.01435386229541
3.1913739687522824, 453, 10028.905036474995, 10661.789307074152, 10292.012549478408, 47.49428728275499
3.178690489096022, 454, 10058.514596786597, 10695.341257884993, 10324.290320068409, 47.65268401674323
3.16604539080525, 455, 10088.33706117748, 10729.297851700168, 10356.317933971024, 47.902008589975104
3.1534385577344555, 456, 10118.205025114514, 10763.01639677096, 10388.406674365233, 48.658813798969376
3.140869874089594, 457, 10148.100218751282, 10796.544478188294, 10420.346869989244, 48.575558310375825
3.1283392244270276, 458, 10178.97461652385, 10831.078659750252, 10452.754569153727, 48.951842836709005
3.115846493652459, 459, 10209.100673928728, 10865.387729094458, 10484.64582922582, 48.572859800727926
3.103391567019874, 460, 10239.655529373827, 10900.05887181478, 10517.136808508578, 48.70488282124554
3.090974330130498, 461, 10270.566369315437, 10934.716609360225, 10549.729112063305, 49.123778919097596
3.0785946689317276, 462, 10300.891092353997, 10969.126868412764, 10582.251836944035, 49.588926099996165
3.066252469716103, 463, 10330.918694380136, 11003.456430182401, 10615.066382109144, 49.90263505945463
3.0539476191202466, 464, 10361.635566115561, 11038.090988785798, 10648.06362005688, 49.86492017460447
3.0416800041238288, 465, 10392.513255368902, 11072.64649545008, 10681.104172802166, 50.06498837350666
3.029449512031622, 466, 10423.126643803906, 11107.777531462389, 10714.184367270971, 49.62942122792005
3.0172560305401595, 467, 10454.197881909922, 11143.063452938197, 10746.926498184897, 50.188837629068246
3.005099447635077, 468, 10485.430484909546, 11177.83187151085, 10779.916648387367, 50.8472301015008
3.00000000000869, 469, 10498.674151506095, 11192.979333229245, 10793.936385515477, 50.84928744581256
2.992979651657887, 470, 10516.599597887503, 11213.90506626365, 10813.381531153611, 50.486898211195346
2.980896531287996, 471, 10547.961265446878, 11249.421228396906, 10847.024332878493, 50.65374528833761
2.96884997554167, 472, 10579.38978860706, 11285.119782354917, 10880.77875254452, 50.692399978386405
2.9568398737710293, 473, 10610.906297775957, 11320.714837834657, 10914.684555175065, 51.59037279620969
2.944866115663019, 474, 10642.297320895657, 11356.305635218161, 10948.339070000946, 51.66709848642495
2.932928591238402, 475, 10673.953050639879, 11391.907738159638, 10982.059129738855, 51.23635724245932
2.9210271908507517, 476, 10705.681614701998, 11427.705779479791, 11015.497728011176, 51.47096198732665
2.9091618051854398, 477, 10737.172788731608, 11464.515797173504, 11050.139884119033, 51.642241301471344
2.897332325258631, 478, 10769.431832624825, 11500.517372131975, 11084.119861066154, 52.1074629727439
2.885538642416292, 479, 10801.464132597286, 11536.466468032108, 11118.841593963904, 53.14559000022834
2.8737806483331805, 480, 10833.56150331747, 11573.562080247626, 11152.825925438638, 53.063453324283216
2.862058235011856, 481, 10866.049574489009, 11609.686631920264, 11187.44145748946, 53.42029412620993
2.8503712947816946, 482, 10898.164652970683, 11646.62909923217, 11221.772009849472, 53.78344954551771
2.838719720297887, 483, 10930.290505265204, 11683.75120000205, 11256.38764454344, 53.02039939398751
2.82710340454046, 484, 10962.43391552304, 11721.117847878753, 11291.15582998431, 53.7001222283701
2.815522240813297, 485, 10995.391462512684, 11758.299619467603, 11326.517012470002, 54.468725012553
2.8039761227431463, 486, 11028.27108517762, 11795.36068275313, 11361.649462545643, 53.893802872592765
2.7924649442786595, 487, 11060.582144461781, 11832.614695680793, 11396.566575478037, 55.025091335580065
2.7809885996735337, 488, 11093.817783528948, 11870.165002574091, 11432.453394293809, 54.9285712681067
2.769546983549076, 489, 11126.359105878819, 11907.316852930506, 11467.336353667712, 55.317598351536155
2.7581399907978668, 490, 11159.85898055256, 11945.31927572528, 11502.983891546393, 54.8595226261198
2.746767516646425, 491, 11192.968131573756, 11983.00829070911, 11538.373125686758, 55.53069291918595
2.735429456638321, 492, 11225.839543846863, 12021.523629060219, 11574.260013460325, 55.54650362341265
2.7241257066332185, 493, 11259.27954058094, 12059.230765839173, 11609.615213986843, 56.60182560646058
2.712856162805923, 494, 11292.454180200215, 12097.627057919815, 11646.108764864262, 56.88499602127469
2.7016207216454218, 495, 11326.118825943113, 12135.71991631673, 11681.966019907108, 56.65084547644493
2.690419279953939, 496, 11360.003669565338, 12174.605803770408, 11718.134193002312, 56.799429587925125
2.679251734845981, 497, 11393.446162329854, 12213.200793828582, 11754.337926395483, 56.745659538863
2.6681179837473943, 498, 11427.046931628482, 12251.502260723744, 11791.082025392227, 57.881654976851536
2.6570179243944296, 499, 11460.759642930561, 12290.428885831896, 11827.73623664678, 58.10812449311633
2.645951454832793, 500, 11494.940310845104, 12329.24009435993, 11864.519591165557, 58.24999240905118
2.634918473416713, 501, 11529.043014246829, 12368.34742770551, 11900.81948184502, 57.90780203117832
2.62391887880801, 502, 11563.149335020693, 12407.563221269033, 11937.139832809555, 59.183205748874386
2.612952569975162, 503, 11597.875512202025, 12447.098726135628, 11973.835161786832, 58.92590758568925
2.602019446192376, 504, 11632.189997224626, 12486.542876823467, 12011.505284209921, 58.60666034633327
2.591119407038668, 505, 11666.615237080021, 12525.897969494687, 12049.377444673595, 59.50112252785206
2.580252352396934, 506, 11701.319470845474, 12566.175795829733, 12086.600292542562, 60.46489666738177
2.569418182453032, 507, 11735.857200698636, 12605.959939542588, 12123.478210410489, 60.06127304599253
2.558616797694873, 508, 11770.728212072238, 12645.818223297425, 12161.130854522768, 61.13712152486612
2.5478480989114933, 509, 11805.386754822362, 12685.410230108691, 12198.807058468714, 61.0730665046579
2.5371119871773096, 510, 11839.989934996975, 12726.10144034451, 12236.88546809833, 61.00685129742964
2.5264083639106336, 511, 11875.400542107625, 12766.989072720893, 12274.426224944127, 62.68603350769315
2.5157371307835557, 512, 11910.44300283094, 12807.619111047014, 12312.702567906766, 64.00390235310391
2.5050981897805578, 513, 11945.990429889836, 12847.294683082733, 12350.702890332179, 64.75409063500341
2.494491443182733, 514, 11981.106500675505, 12887.656009119055, 12388.439091505628, 64.52648783860454
2.4839167935668756, 515, 12017.00608940126, 12928.707796488347, 12426.61002365075, 66.05756939208597
2.4733741438045906, 516, 12052.39724567982, 12970.379479527002, 12465.468865029945, 66.20535889637239
2.462863397061408, 517, 12088.462982587722, 13012.074145930017, 12503.595050419824, 66.15237831750082
2.4523844567958815, 518, 12124.526214381423, 13053.511571996973, 12542.82988649385, 67.12334324759098
2.4419372267587125, 519, 12160.351033559251, 13094.84220892921, 12580.657530891243, 67.15615052269196
2.431521610991859, 520, 12196.32135565244, 13135.938630998835, 12619.851919329161, 68.060209533239
2.4211375138276554, 521, 12232.340264780782, 13177.592470990961, 12658.775536453917, 69.36364297819239
2.410784839887941, 522, 12268.972840383907, 13219.739514847886, 12698.076942215625, 69.17841928378405
2.4004634940831724, 523, 12305.196366974944, 13261.877827105815, 12737.948674302037, 70.15287597059408
2.390173381611557, 524, 12341.517730114498, 13303.937595136444, 12777.313543719843, 70.71241670205437
2.3799144079581835, 525, 12377.824388821355, 13345.823467799548, 12815.772714671086, 71.75562953349696
2.3696864788941503, 526, 12414.361597534453, 13388.41075169399, 12855.458157063626, 71.64355476406007
2.3594895004756973, 527, 12451.57386869279, 13430.958037932225, 12895.791501926815, 72.33426881846498
2.3493233790433528, 528, 12489.120290087949, 13474.434398117348, 12935.430539965944, 72.76101915657974
2.3391880212210645, 529, 12526.258336914789, 13517.536857622214, 12975.35220996407, 72.59140059656119
2.3290833339153414, 530, 12563.04460969862, 13559.585076089388, 13014.866361965376, 73.53628048425871
2.3190092243144083, 531, 12600.098902189366, 13602.43798518485, 13054.703707806602, 73.30859956764291
2.308965599873453, 532, 12637.838351686882, 13645.817091527468, 13094.41494296763, 74.58356906937513
2.298952368369379, 533, 12675.835032927944, 13690.139631660284, 13134.479745130257, 73.51946883641656
2.288969437816504, 534, 12713.972167621983, 13734.31197948927, 13174.55969235403, 74.83784070478208
2.2790167165213866, 535, 12751.721725125735, 13778.259801826045, 13215.326189956684, 74.32532439753516
2.2690941130680558, 536, 12790.171400852543, 13822.417666686371, 13255.297076794637, 74.9185133670963
2.259201536317182, 537, 12828.206887649874, 13867.238239226896, 13295.440076755885, 75.03289395727678
2.249338895405225, 538, 12866.659403393987, 13913.13857281893, 13336.82204741864, 76.11714262339694
2.239506099743606, 539, 12904.923990084768, 13958.812756617752, 13379.227655739, 75.86234947329257
2.2297030590178797, 540, 12943.494428301174, 14003.585918571718, 13422.20285154546, 76.06416364684299
2.219929683186896, 541, 12981.622796066124, 14048.675090368126, 13463.554702663027, 76.40683673948564
2.210185882481982, 542, 13019.691772601038, 14094.018167449463, 13506.061817611451, 77.89550784378305
2.200471567406109, 543, 13057.966136917777, 14139.492294567504, 13547.9700997003, 78.02875786030194
2.1907866487330745, 544, 13096.91618341268, 14184.664441609686, 13590.35888525608, 79.08528181594365
2.1811310375066877, 545, 13135.45586453858, 14229.565980252224, 13632.843444651044, 79.18996778977615
2.1811310374999917, 546, 13155.45586453858, 14252.565980252224, 13652.843444651044, 0.9282991252371202
2.171504645032481, 547, 13173.82110124204, 14275.384033998773, 13675.756338522422, 78.91067801522021
2.1619073829059867, 548, 13212.675706926591, 14321.254981377406, 13718.754863664451, 79.80359667575033
2.15233916296944, 549, 13251.145264946477, 14366.949844109673, 13762.147019869217, 78.93235569936964
2.14279989733853, 550, 13289.930239823294, 14412.955705378465, 13806.136542130425, 80.28252162521962
2.1332894983948854, 551, 13328.68206624705, 14459.001931304805, 13849.743308137733, 81.02181184673351
2.123807878785282, 552, 13367.342739111571, 14505.27683827003, 13893.51431634101, 80.44593051228819
2.1143549514208306, 553, 13406.578066827522, 14550.560419646801, 13936.899935081383, 82.2102282559875
2.104930629476183, 554, 13445.493829265151, 14596.193149655033, 13980.125226202566, 82.25135213771745
2.095534826388731, 555, 13484.629274241042, 14643.467123317385, 14024.205347917079, 82.31417731197872
2.0861674558578134, 556, 13524.18223210539, 14689.973154263342, 14068.642429845338, 82.45911708180283
2.0768284318471615, 557, 13563.771491426764, 14736.291115784175, 14112.37278065133, 82.69376715783885
2.067517668571143, 558, 13603.298710922716, 14783.712705246005, 14156.008608419284, 84.28237909950462
2.058235080513439, 559, 13643.61595580813, 14831.621194211311, 14200.653584293426, 83.63706173586695
2.0489805824132707, 560, 13684.043497668194, 14879.146843680244, 14244.875229470648, 85.16536629262778
2.039754089267865, 561, 13723.44665752635, 14925.944772039546, 14290.092114263278, 86.36405807022045
2.030555516331678, 562, 13764.10960341303, 14973.554384934287, 14335.152966359532, 86.54456739104938
2.021384779115611, 563, 13803.900290578798, 15022.217011917888, 14380.41096029542, 87.66335259628286
2.0122417933862375, 564, 13844.746912496279, 15070.599291974404, 14425.317478699006, 88.68111782729919
2.0031264751650295, 565, 13885.41600670533, 15118.718127846965, 14471.119171844337, 89.7004632926628
2.0000000000018687, 566, 13899.386935199547, 15135.092809564723, 14486.807823952115, 88.93238115893372
1.9940387407275857, 567, 13926.197929691642, 15166.95491591862, 14516.778867117164, 89.74521691181711
1.9849785066028627, 568, 13966.902828138827, 15215.50182970963, 14563.191999699098, 89.31535996967087
1.9759456895724061, 569, 14007.268422837018, 15264.238309968563, 14608.813562758249, 90.23504816044803
1.9669402066695914, 570, 14048.978828438749, 15313.5055664181, 14654.154044188406, 91.4419603715026
1.9579619751788555, 571, 14090.665718917598, 15362.539048081584, 14700.82878742363, 90.96140664949635
1.9490109126349426, 572, 14131.492226173903, 15411.785714983773, 14747.323545766676, 91.22314522833463
1.9400869368221438, 573, 14172.18314608042, 15461.243742425468, 14794.288753457928, 91.23177890534207
1.93118996577354, 574, 14214.682331878399, 15510.969176030565, 14840.600192644955, 92.91426399910273
1.9223199177702552, 575, 14256.565383384028, 15560.874020883217, 14887.262115047108, 92.10714555978161
1.9134767113406999, 576, 14297.747605773018, 15610.738374678227, 14934.762916581842, 93.7842746821718
1.9046602652628808, 577, 14339.338711482525, 15660.930653590918, 14981.910131886112, 94.46745502236358
1.8958704985514228, 578, 14381.872022771458, 15711.69597247963, 15029.517250024757, 93.20017072356355
1.887107330475187, 579, 14424.044772248937, 15762.39293674446, 15077.139464709213, 94.25448560095137
1.8783706805442804, 580, 14465.882866699327, 15812.773475949274, 15124.996401231932, 94.02682386533975
1.8696604685123765, 581, 14507.271968579724, 15863.600647819943, 15173.647752203635, 94.3897931449361
1.8609766143759847, 582, 14549.31099687104, 15914.526503748435, 15220.948733089062, 96.1484584652754
1.8523190383737096, 583, 14591.745666452867, 15966.372290000198, 15269.553921204804, 94.65062814641244
1.8436876609855224, 584, 14633.567169950407, 16017.285502697207, 15318.802156458913, 95.91210970492118
1.8350824029320294, 585, 14675.991930380165, 16068.12222004611, 15367.22143240093, 95.30537299644378
1.8265031851737423, 586, 14718.935118380856, 16119.169195523516, 15415.08281819929, 96.7719954704638
1.8179499289103558, 587, 14763.241891939912, 16170.630775430553, 15462.337868964894, 96.61374563417718
1.8094225555800185, 588, 14807.17696402959, 16222.741508764168, 15510.221043237178, 96.9333488154106
1.8009209868586171, 589, 14850.160007129494, 16274.784186013794, 15559.093790127477, 98.42025055663144
1.7924451446590521, 590, 14894.375496740657, 16326.96643129608, 15608.509897330568, 97.09039948374516
1.7839949511305244, 591, 14938.172934113865, 16378.966734709056, 15656.48065856634, 98.42255790409229
1.7755703286578166, 592, 14982.38270489224, 16431.72671311659, 15704.821361942137, 98.80118465293283
1.7671711998605835, 593, 15026.7302675808, 16484.97077943061, 15754.707838105785, 100.04263298729266
1.75879748759264, 594, 15071.161614022956, 16538.01656535139, 15803.945670327292, 99.05737580171487
1.7504491149412513, 595, 15115.302424912206, 16590.756051509827, 15853.870346487187, 100.59344995974718
1.7421260052264285, 596, 15159.320718603582, 16644.000188096335, 15903.582154431515, 99.5594152017819
1.733828082003099, 597, 15204.508084439258, 16697.071730272644, 15952.18161945251, 101.11201589109893
1.7255552690488916, 598, 15250.195545624196, 16750.438685012254, 16001.975906200541, 101.42029194999125
1.7173074903807182, 599, 15295.216521465432, 16804.830728640816, 16052.914586323102, 100.28454267752257
1.7090846702425484, 600, 15339.478864445702, 16858.998111650657, 16103.684373556234, 100.92570181548314
1.7008867331075965, 601, 15383.601160343062, 16912.880066802, 16153.839818927398, 102.09000786213733
1.6927136036776247, 602, 15428.708608021283, 16966.718880038123, 16203.50042986194, 103.18262501277363
1.684565206882259, 603, 15474.118121652667, 17020.394993330672, 16254.577032454486, 103.50163073576873
1.6764414678782904, 604, 15520.099833076529, 17075.865417310757, 16305.718780556677, 102.79498959999682
1.6683423120489964, 605, 15565.75099598864, 17131.313489944292, 16356.987869689176, 102.35960432731727
1.6602676650034494, 606, 15610.705899433717, 17185.649224359226, 16408.081204970018, 102.95952472057249
1.6522174525758353, 607, 15656.410269592476, 17240.80002739998, 16459.397999974593, 103.98724415996622
1.6441916008247732, 608, 15702.926942829004, 17296.002084194275, 16510.68890995592, 102.73525202153174
1.6361900360326365, 609, 15749.006564711362, 17351.547163166346, 16562.305242874743, 103.64676375560528
1.6282126847048728, 610, 15795.005290999161, 17407.790917329403, 16615.089534713014, 104.22650998663384
1.620259473569332, 611, 15841.029855759649, 17463.57915488901, 16666.95649426391, 104.4692418878799
1.6123303295755926, 612, 15886.803818441576, 17518.68406571954, 16718.999087221637, 104.3168185214961
1.6044251798942901, 613, 15933.742730434504, 17574.671935412935, 16771.291654647022, 104.38131474530897
1.596543951916447, 614, 15981.426700551807, 17632.013734642616, 16823.671558901056, 106.15933640317404
1.5886865732528088, 615, 16028.399978741936, 17689.00433369775, 16876.851187140448, 106.17875286882877
1.5808529717358941, 616, 16074.737151313308, 17745.40982124686, 16929.41061185134, 105.77270703705553
1.5730430754084561, 617, 16121.223086264248, 17802.231558929954, 16982.36717735643, 105.79355244106613
1.5652568125391473, 618, 16168.869136179132, 17859.362729917644, 17036.051062981598, 106.77224420088231
1.557494111610969, 619, 16216.626528094761, 17917.11838533655, 17089.4692329418, 106.0333015222828
1.5497549013233405, 620, 16264.576156835248, 17973.953660403928, 17142.390203014475, 106.52209958519178
1.5420391105914422, 621, 16311.211794967896, 18032.284463019616, 17195.966414161885, 108.49642180700978
1.5343466685455636, 622, 16359.744874175609, 18090.083610096208, 17250.728699182062, 108.34383157140378
1.5266775045304528, 623, 16407.581029662975, 18147.867092359054, 17305.281799249275, 108.34699273243956
1.519031548104667, 624, 16455.136047690376, 18206.646486291655, 17358.838592806762, 108.42328092780248
1.5114087290399252, 625, 16502.685678543356, 18264.699327897473, 17412.97097351933, 108.33204479088006
1.5038089773204648, 626, 16551.67135470135, 18323.22020217447, 17467.444278350915, 108.15061639652471
1.4962322231423952, 627, 16599.94302803786, 18382.420700605548, 17522.55150436153, 108.73967059882874
