z, snapnum, center_x, center_y, center_z, Rvir
11.000493100903, 039, 3559.3804004870362, 3623.2281065530997, 3553.205573892499, 3.1853410141533818
10.97029699018, 040, 3568.3353539770433, 3632.447801902121, 3562.3917571977026, 3.172480569443825
10.870790153332, 041, 3598.0017104132453, 3663.2195520829982, 3593.070025543829, 3.141144213038474
10.772990321522, 042, 3627.4414521671665, 3693.8878883618195, 3623.466945590846, 3.3845308651090336
10.676790478939, 043, 3657.231772224329, 3724.6926667473417, 3653.9793246289764, 3.6208300575636914
10.579390362323, 044, 3687.8261571509884, 3756.5890868343577, 3685.3123435719485, 3.7811540595633866
10.484990656949, 045, 3717.8002771329775, 3788.0692363941657, 3716.1943984821555, 3.9837716845859967
10.389490549815, 046, 3748.762818456097, 3820.318086054019, 3747.7357783804973, 4.108826427734834
10.295590707536, 047, 3779.511459108682, 3852.530844846099, 3779.2373196322596, 0.04893772982840875
10.201990737577, 048, 3810.556814332652, 3885.0330626734317, 3811.2542313549948, 4.126778995797172
10.109890885404, 049, 3841.582449465756, 3917.3339007514787, 3843.133572532968, 3.985558529720238
10.018090915506, 050, 3873.1068880250978, 3950.1443030382243, 3875.3470248137655, 4.099039361419386
9.9998981846605, 051, 3879.4603501949264, 3956.759168856918, 3881.7848494123937, 4.075704651044488
9.9277928490036, 052, 3904.8391153475895, 3983.3774465291403, 3907.482542397758, 4.181548179293761
9.8377910931976, 053, 3936.948551438768, 4016.9560776160697, 3939.9883917633724, 4.0162016392381785
9.7480911233776, 054, 3969.508372652771, 4051.284853536433, 3972.8883320186956, 4.249854237653336
9.6597912613927, 055, 4002.094018108405, 4085.508850007829, 4005.7348227419693, 4.140702954952304
9.5718913012486, 056, 4034.8057582956853, 4119.859303801026, 4038.999064296325, 4.1721210003893034
9.4843913409811, 057, 4067.826209676042, 4154.434924613863, 4072.9287013912353, 4.345474543636774
9.3971913713453, 058, 4101.407080733087, 4189.553323797796, 4106.991882372845, 4.423061570438182
9.3113915090456, 059, 4135.003741335848, 4224.864616830946, 4141.242663725867, 4.461476738719829
9.2269916470333, 060, 4168.291175427632, 4260.181199331594, 4175.634676086787, 4.438257801271038
9.1419915889082, 061, 4202.43208607949, 4296.664412105117, 4210.770352185389, 4.654041401677191
9.0582917167547, 062, 4236.745328125284, 4333.10702274762, 4246.115244955911, 4.493408756884563
8.9999942129972, 063, 4261.120151170366, 4358.613102094408, 4271.197231490543, 4.677226700665821
8.9760976177094, 064, 4271.211695334274, 4369.16476262893, 4281.575347103298, 4.615646451984661
8.8931917960193, 065, 4306.680555336486, 4406.494494874535, 4317.749602222882, 4.859345140754019
8.8115919247802, 066, 4342.113210478986, 4443.239090712773, 4353.978786169512, 4.6548799713602955
8.7313920625196, 067, 4377.539268525221, 4479.895360913084, 4390.230427350032, 4.876097722563031
8.6505920041932, 068, 4414.149524490531, 4517.570534551496, 4427.382253684982, 5.5850889740189915
8.5711921422878, 069, 4450.753783771559, 4555.389406997172, 4464.484586723507, 5.388603074165
8.4921921819391, 070, 4487.724529835069, 4593.958478292501, 4501.991384424585, 5.444253285613569
8.4134922121728, 071, 4524.850547429896, 4633.281435243885, 4539.950768708198, 5.674388493915793
8.3361923498816, 072, 4561.871239304421, 4672.654137902691, 4577.828735710489, 5.433039663397711
8.2592923894579, 073, 4598.92328807101, 4712.5756415070255, 4616.120731116898, 5.515719167701778
8.1826924198018, 074, 4636.217415097559, 4753.100455681615, 4654.951023902648, 5.548156995688966
8.1065924692177, 075, 4674.031750065127, 4794.250797117076, 4694.227416340593, 5.820913623086218
8.0317925973849, 076, 4712.417570676773, 4835.2512326370315, 4733.406540668498, 6.124210297169172
8.0000968445394, 077, 4729.00630239535, 4852.738518643322, 4750.293745108222, 6.134058867724589
7.9573957555987, 078, 4751.563549459323, 4876.4641166272195, 4773.178497112258, 6.164786530976129
7.8833926763339, 079, 4790.824632645684, 4918.194465294281, 4813.282666615709, 6.344114979015823
7.8105927951406, 080, 4829.571545428576, 4960.35103174393, 4853.65426859626, 6.545213609736983
7.7373927563427, 081, 4869.839924566617, 5003.062777035508, 4895.129187400948, 6.89780996039738
7.6654928845141, 082, 4909.839458850037, 5045.807754303792, 4936.259648351164, 6.836195864545402
7.5939929241901, 083, 4949.83317601483, 5088.6042827166875, 4977.937271352017, 7.0943034289846905
7.5229929734813, 084, 4989.859041882337, 5131.761130707266, 5020.233048165697, 7.022438267989663
7.4530930821942, 085, 5030.413711193967, 5174.9694091071815, 5062.541079971232, 7.21006455894336
7.3828930531443, 086, 5071.849561320074, 5219.26957033023, 5105.239366884655, 7.115072656050786
7.3138931715183, 087, 5113.414507537285, 5263.492554415601, 5147.575208564547, 7.485947514559972
7.2453932209534, 088, 5155.697115820585, 5307.960653269867, 5190.407758581674, 7.623599962373679
7.1772932603986, 089, 5198.503554730936, 5352.895991680001, 5233.505683886962, 8.231921320315552
7.1095933005624, 090, 5241.624210858336, 5398.203655839052, 5277.2972349820375, 8.112683475600706
7.0430934183956, 091, 5284.362543226096, 5443.785169731199, 5320.786259607283, 8.081925333422769
6.9999957194663, 092, 5312.443055976363, 5473.772257713784, 5349.7316855673525, 8.23436915626455
6.976397649115, 093, 5328.0178525127585, 5490.34115624556, 5365.752529096956, 8.437574031530753
6.9107935073922, 094, 5371.206942343173, 5536.878395254085, 5410.366597136113, 8.201583486641649
6.8455935471956, 095, 5414.355489174955, 5583.964718281217, 5455.573728195512, 7.932870477579199
6.7808935971673, 096, 5458.063884703255, 5631.420372437278, 5501.344708471201, 7.968832770062946
6.7165936365877, 097, 5503.008134357076, 5679.491463169312, 5548.064365243003, 8.419995234323583
6.6528936961927, 098, 5548.258901148865, 5727.8370720949515, 5595.27032628886, 8.421534797441977
6.5895937357672, 099, 5593.8969771155425, 5776.784687387637, 5643.025273168358, 8.259751296863891
6.5272938338839, 100, 5639.436593448538, 5825.9548608547175, 5690.770956730449, 8.483643920721414
6.4648938250999, 101, 5686.6960928382105, 5876.116738883864, 5739.003664787886, 8.536358973387506
6.4035939330397, 102, 5733.61089924352, 5926.524290117248, 5787.566653529128, 8.761912899954993
6.3426939730505, 103, 5780.5631558685345, 5977.290027412253, 5836.161821021005, 9.226041431846475
6.2816939636138, 104, 5828.459871605892, 6029.065671071368, 5885.53690780307, 9.12633420276915
6.2217940714783, 105, 5876.276113652802, 6080.8577272837, 5934.788347530153, 9.285183736808156
6.1622941116921, 106, 5924.297183362123, 6132.9742154864425, 5984.410822670676, 9.092450039039145
6.1032941608005, 107, 5972.890696288107, 6184.823523462179, 6034.844066837633, 9.053570469298855
6.0446942008337, 108, 6021.484186948228, 6237.800869908303, 6085.543279149619, 9.346564711406655
5.9998955559224, 109, 6059.387123259281, 6278.551342389126, 6124.896266611045, 9.612138984403956
5.9866986835483, 110, 6070.574411854558, 6290.598273345611, 6136.492824779723, 9.972004988059425
5.9285942497514, 111, 6120.829919980155, 6343.88691812254, 6188.184226180345, 10.228264040045744
5.8713943394201, 112, 6171.129595876658, 6397.589849066606, 6240.4555170058575, 10.023464231867937
5.8147943982658, 113, 6222.164271235228, 6452.77198944663, 6292.716882747782, 10.585359762782947
5.7585944383105, 114, 6273.020935106284, 6508.553506198106, 6345.67160507769, 11.417357449356988
5.7028944875638, 115, 6324.3082606447515, 6564.594796230373, 6399.514589368759, 11.037336122085202
5.647594526744, 116, 6376.145031745693, 6620.44041956464, 6453.339583571719, 10.87714292498177
5.5927945768292, 117, 6428.484191678547, 6677.502418317463, 6507.928391190811, 11.599818103405724
5.538494625822, 118, 6480.838646355494, 6733.938938279964, 6562.227232312913, 11.520368935476654
5.4846946756849, 119, 6533.643296477156, 6791.124716838756, 6616.241042647647, 11.446689592210952
5.4308946759191, 120, 6587.45415236012, 6849.247598187137, 6671.443053600629, 11.460706302788417
5.3779947640248, 121, 6640.756387480473, 6907.4116530612955, 6727.349473173761, 11.290827814985594
5.3254948043508, 122, 6695.066333233179, 6966.02519322614, 6783.894174809386, 11.310701511785004
5.273094814101, 123, 6750.110423655176, 7025.88279398663, 6841.563944089545, 11.482456909955863
5.2211948639971, 124, 6805.370752627837, 7085.929064677554, 6900.022683457222, 12.990191111900915
5.170194952348, 125, 6860.873862568029, 7146.762357016491, 6958.154118543632, 12.718770385733762
5.1191949522173, 126, 6916.993188913528, 7208.030426012017, 7016.725730892846, 12.6634742468858
5.068695002401, 127, 6973.556063277132, 7269.765687602038, 7075.666180626617, 12.933898871645683
5.0186950512658, 128, 7031.017825404395, 7331.453562057348, 7134.878313206223, 13.170070118374191
4.9998981278104, 129, 7052.420001717071, 7354.813443020936, 7157.545814626693, 13.236795429910844
4.9690969398851, 130, 7087.710120221466, 7393.493667780791, 7195.090045696901, 13.362147792688
4.9195951011504, 131, 7145.769557190997, 7457.187975431818, 7255.9258272674915, 13.264354294672897
4.8709951893125, 132, 7203.819017607499, 7521.4637747539455, 7316.623013979484, 13.39884541329831
4.8223951905621, 133, 7263.449263946907, 7586.0296082076, 7378.270975102469, 14.07985434890008
4.7742952393643, 134, 7323.052941946352, 7650.60649983586, 7439.948282812835, 15.129645224497658
4.7266952893166, 135, 7382.249272170462, 7715.484534620235, 7502.229890449182, 16.2108071741751
4.6795953383932, 136, 7442.552195464206, 7780.804791325201, 7564.721512919884, 19.61572775257433
4.6328953773193, 137, 7503.219701025217, 7846.988542530903, 7627.5522319291595, 18.795179433270317
4.5862953884357, 138, 7565.750345489771, 7914.427617427296, 7691.1687027186, 18.255797805256613
4.5401954371605, 139, 7627.9476665470065, 7981.955093571935, 7755.434336563891, 18.15219974226374
4.4944954773608, 140, 7690.948953268435, 8049.35306392559, 7819.679418786825, 18.242084870802305
4.4489954970019, 141, 7754.806556363073, 8117.815747011424, 7883.309330755139, 17.703771823278068
4.4041955652541, 142, 7819.965080234726, 8187.690613805546, 7947.1865666894955, 17.786082728786937
4.3595955862291, 143, 7886.064772631413, 8258.731999807234, 8013.006629501266, 18.59978130159238
4.3154956348754, 144, 7951.170083576293, 8329.840472946533, 8080.965770340438, 19.3435405770325
4.2714956457356, 145, 8016.191286170857, 8402.446469073813, 8150.051626420815, 19.78893978401962
4.2278956849191, 146, 8080.713331875616, 8475.034592480195, 8219.290945508023, 20.60805953039284
4.1847957346183, 147, 8146.086398534117, 8548.47332799315, 8289.304187539761, 20.554385251611084
4.1421957839412, 148, 8211.543902816291, 8621.432614303318, 8360.295843854561, 20.782732038191085
4.0996957933227, 149, 8277.816566945774, 8696.058035260121, 8432.32497645932, 20.92640530373404
4.0576958434221, 150, 8344.658213660508, 8770.64507233808, 8505.529557917092, 21.652879224668848
4.016095882543, 151, 8412.829948935843, 8846.008651943386, 8578.461461644762, 21.627930926265815
3.9999983968381, 152, 8440.156388155721, 8875.605892201605, 8606.241907442962, 21.58619943488111
3.9745974762079, 153, 8482.35666556978, 8922.718577953818, 8650.271552637181, 21.638069075144628
3.9333959226401, 154, 8551.891707369621, 8999.605854423404, 8722.177614798693, 21.427547481445572
3.8927959810875, 155, 8621.21069824605, 9077.011132462756, 8794.655100345512, 21.456249241170415
3.8524960116453, 156, 8692.17456139563, 9154.75282139549, 8869.963905131435, 21.29598950256575
3.8122960213243, 157, 8762.998634638714, 9234.809490081603, 8946.738671430114, 21.135298530019877
3.7727960906753, 158, 8832.831529101673, 9314.400366142056, 9021.969921255459, 21.245203805096683
3.7332960909598, 159, 8905.123362401971, 9394.006622134002, 9098.718859974642, 21.06566830311786
3.694396149172, 160, 8978.868461405602, 9475.038986743084, 9174.663107476914, 21.265985498405986
3.6554961504128, 161, 9052.759814784124, 9558.350170916297, 9252.08797878129, 21.225051316444322
3.6171962090133, 162, 9126.155018431595, 9640.900637833058, 9329.986913675351, 21.554241562639703
3.5791962392067, 163, 9200.75125955728, 9722.906764459909, 9409.306411661535, 21.663610325483692
3.5412962492616, 164, 9275.895496762249, 9806.975861544382, 9489.232905249679, 21.814074330007827
3.5038962975901, 165, 9350.457417869537, 9893.696818590259, 9571.331842591271, 22.312805681285912
3.4666963184989, 166, 9426.940106270677, 9978.416304311413, 9652.593664529275, 22.832929499302754
3.4298963574366, 167, 9503.561802518125, 10064.208701710268, 9733.33960602824, 23.351341657910353
3.3932963778803, 168, 9580.272599024871, 10152.050939968862, 9817.358486868225, 23.341967108879807
3.3570964172975, 169, 9659.480902167534, 10239.488895794046, 9900.438685836012, 23.423372321761963
3.3210964361368, 170, 9738.819496385377, 10328.353282996768, 9983.596447905085, 24.02307704842469
3.2853964669301, 171, 9815.562963833032, 10417.19779092289, 10069.075550975123, 24.26935995226779
3.2500965057992, 172, 9896.462070649395, 10506.672630166388, 10153.770859424138, 24.61602325244346
3.2150965360807, 173, 9977.84643226993, 10599.696607334912, 10239.277135853925, 25.585223126670215
3.1802965558709, 174, 10058.173785674928, 10690.459010693836, 10327.459070078417, 25.898357974134083
3.1457965844131, 175, 10140.291253209576, 10783.148978563555, 10414.031369469227, 25.663728723590513
3.1116966250921, 176, 10223.102834867002, 10876.832405692634, 10502.5220439363, 25.90345368977071
3.0775966246924, 177, 10305.79324689238, 10970.131672468187, 10590.758021814174, 25.70421407429134
3.0439966746302, 178, 10391.528801305663, 11065.962595657737, 10681.999628165455, 26.23709805042
3.0106967041849, 179, 10474.741013511755, 11161.647371994415, 10772.319300426134, 26.59482836586672
2.9999989338659, 180, 10501.472788071653, 11192.100157077519, 10801.248702515462, 26.42565917791699
2.9775977749025, 181, 10560.525540824292, 11257.213528136159, 10862.703761548666, 26.816890991465037
2.9447967537037, 182, 10647.11348320213, 11356.490613071752, 10955.59755229525, 28.023280881767683
2.9121967729219, 183, 10732.105082270416, 11453.672024264793, 11048.125059712318, 27.6041259404279
2.8799968131163, 184, 10820.538736286628, 11553.203048776502, 11141.165393054574, 28.19766311499848
2.8478968230392, 185, 10908.167140451158, 11653.803150814492, 11236.94478042729, 29.032201299315602
2.8161968611692, 186, 10997.478525493927, 11754.635480281879, 11330.602114240777, 30.26314688672203
2.7846968824631, 187, 11085.987894524435, 11857.082283084565, 11427.037950908008, 30.015004545575895
2.7534969112909, 188, 11176.156559409588, 11959.700756129943, 11523.27070846325, 30.567735570036508
2.7225969417497, 189, 11267.724162891383, 12063.898677531393, 11620.349767970407, 30.92001655441675
2.6917969516329, 190, 11359.670636597582, 12168.259840591512, 11718.889575933124, 35.10641542260694
2.6613969896475, 191, 11452.357049324877, 12273.486589795106, 11817.96965596564, 32.36656785075583
2.6311970110637, 192, 11543.390441399079, 12380.76255632994, 11917.9930960184, 31.963190790793245
2.6012970397941, 193, 11639.162433178437, 12486.802851780923, 12017.035455550034, 30.843594973915742
2.5715970605319, 194, 11736.381360840569, 12599.97150759916, 12118.260701172221, 31.441189515200435
2.5420970801678, 195, 11832.265481928767, 12710.002109122666, 12221.78825838149, 33.516913461273056
2.5127970984621, 196, 11928.448765067616, 12822.112568926215, 12327.245902774346, 33.26986158581489
2.4837971298166, 197, 12026.187467642265, 12935.140014118966, 12433.757930005528, 35.639220000431294
2.4550971584517, 198, 12123.108241006736, 13049.559691456825, 12541.767347260642, 36.568195429552475
2.4266971890604, 199, 12220.077514431818, 13161.360372518084, 12648.251309036874, 38.72274860407473
2.398397198851, 200, 12317.674403048191, 13280.224520583739, 12759.148325692098, 38.46611430911733
2.3702972170163, 201, 12418.844198069266, 13394.507405834156, 12868.127299704352, 42.56320980398928
2.342497248516, 202, 12516.569015363275, 13511.292673138676, 12978.965786298577, 44.06152504576731
2.3148972672429, 203, 12616.544157523724, 13630.89481457592, 13091.609981965714, 42.48145747048022
2.2874972881474, 204, 12718.612950047256, 13750.35056497181, 13205.595149783592, 41.72009374331893
2.260397317501, 205, 12820.469904274218, 13871.023075805979, 13318.59865419253, 41.282459794552935
2.2334973355228, 206, 12923.311900741144, 13990.687864541651, 13433.47645464107, 41.520412406591426
2.206897367167, 207, 13025.12643038591, 14111.58725381831, 13545.888463870351, 43.147036008553535
2.1804973857769, 208, 13129.773495693704, 14235.235904683275, 13663.974707445816, 44.076897235366914
2.1541973969803, 209, 13234.466705168075, 14360.339163477214, 13779.966911325644, 47.49433502366617
2.1280974164773, 210, 13341.568158519181, 14486.053573852572, 13897.794252374282, 46.108750392695505
2.1023974539628, 211, 13453.184107672303, 14614.928770820483, 14017.541712817936, 46.42626418159004
2.0766974563767, 212, 13562.78282229514, 14744.094365341261, 14140.18169213505, 45.53809103236351
1.9999999179969, 213, 13900.668627005125, 15140.003354718521, 14509.250605121955, 44.09650706332878
