z, snapnum, center_x, center_y, center_z
14.917016648518288, 00606, 2673.1357610683817, 2722.5163497584435, 2676.196823065541
14.8372980937456, 00607, 2686.6008957611175, 2736.3751203988704, 2689.7269033807383
14.678459742227368, 00609, 2713.839623734569, 2764.4134727137925, 2717.0977045191407
14.599339149576393, 00610, 2727.615451505378, 2778.5950599854714, 2730.9403505709624
14.441698261209112, 00612, 2755.4848291750127, 2807.289056825363, 2758.9449546309743
14.28485788383243, 00614, 2783.785298046703, 2836.4310644056, 2787.3829176199833
14.206736487562827, 00615, 2798.100142362387, 2851.17315006248, 2801.7671655175373
14.051092719754495, 00617, 2827.0651594149663, 2881.0058397184453, 2830.872661189105
13.97357078740985, 00618, 2841.717235407892, 2896.0984477703455, 2845.5961640865817
13.89624812850368, 00619, 2856.4842869816825, 2911.310909176129, 2860.43464916219
13.819125983583417, 00620, 2871.367277792584, 2926.6435538036935, 2875.3897645028637
13.665480325556883, 00622, 2901.4861704908744, 2957.6760804309474, 2905.654317139969
13.588956423042985, 00623, 2916.724980285705, 2973.378286847158, 2920.9663221424435
13.436507708582402, 00625, 2947.5670733673987, 3005.16234478572, 2951.9565985962254
13.360582988337901, 00626, 2963.172920239536, 3021.2465265345313, 2967.6370917062545
13.209332138439054, 00628, 2994.761659305408, 3053.805859507416, 2999.3758879380775
13.058880493198318, 00630, 3026.86130844376, 3086.896836204307, 3031.6271027019397
12.98395287676097, 00631, 3043.106899813706, 3103.6451640164405, 3047.9488680370764
12.834698427433448, 00633, 3075.9953768819346, 3137.554619234006, 3080.990110293012
12.76037009891292, 00634, 3092.6418423493296, 3154.7194567602696, 3097.7127951665884
12.612313886083227, 00636, 3126.345256736254, 3189.475311301503, 3131.5694180774385
12.538585065806283, 00637, 3143.4061697743405, 3207.070421809827, 3148.706569645325
12.391725784856517, 00639, 3177.953402238305, 3242.701564012421, 3183.4062714474317
12.318594976575964, 00640, 3195.4429437733857, 3260.7409418997286, 3200.97165449623
12.20947279513121, 00643, 3221.903438753866, 3288.034733074574, 3227.545312767522
12.07911566452816, 00646, 3254.0973519419044, 3321.244164043174, 3259.873358976284
11.97529422330548, 00648, 3280.2051974535298, 3348.177076333868, 3286.087099912526
11.861566684547824, 00650, 3309.2929754367588, 3378.1847482918315, 3315.289471376164
11.891663720321272, 00651, 3301.5449300010982, 3370.191300648937, 3307.510829258324
11.751771758613293, 00655, 3337.872844763168, 3407.669002966675, 3343.9777014567435
11.672174400471471, 00657, 3358.9056623795336, 3429.3673680575375, 3365.0878608602657
11.576985488619284, 00659, 3384.4121963432162, 3455.68141597809, 3390.6849311015862
10.093720130673704, 00700, 3839.842605780892, 3924.891248193148, 3846.492512860501
10.000160145110812, 00704, 3872.9018692455943, 3958.794290044172, 3879.3827956607224
9.973500371226507, 00705, 3882.437237647452, 3968.5624722205316, 3888.8591655127007
9.914963658459785, 00707, 3903.5592425570594, 3990.1813701416227, 3909.8298498822996
9.81316315028819, 00710, 3940.922707427074, 4028.347618370254, 3946.8509459560887
9.73712361332805, 00712, 3969.3734056919952, 4057.343911135119, 3974.9763898986835
9.648324982669006, 00716, 4003.2015747549212, 4091.777945619553, 4008.3714241870503
9.567458008563392, 00719, 4034.5146618400436, 4123.71245525063, 4039.340333571107
9.470821900100177, 00722, 4072.442853159598, 4162.581115378496, 4077.041575291522
9.37724964055543, 00725, 4109.710701166569, 4200.941079580286, 4114.2605607039995
9.308967647942564, 00728, 4137.261695013767, 4229.386422242348, 4141.869364477025
9.196791686473205, 00732, 4183.206802817888, 4276.966018312209, 4188.063506698848
9.12977899017179, 00734, 4211.073069974366, 4305.903656041915, 4216.163068816071
9.120416903086433, 00736, 4214.992263288057, 4309.977523740271, 4220.119690421613
9.05083749036329, 00739, 4244.319089141796, 4340.497157631655, 4249.758760242519
8.998809389981101, 00741, 4266.483077386659, 4363.60079245224, 4272.197652427058
8.967656035038145, 00742, 4279.852998635973, 4377.552285116445, 4285.747962305971
8.887139289550387, 00745, 4314.75477349918, 4414.022567210714, 4321.168172588378
8.806572853102695, 00749, 4350.192487894793, 4451.123109359505, 4357.199365428743
8.716556403385663, 00753, 4390.413469669715, 4493.31148744595, 4398.169999500405
8.648059680678466, 00757, 4421.474583992389, 4525.949025277668, 4429.863312575366
8.562467868082162, 00761, 4460.855366619967, 4567.397034343149, 4470.109783523417
8.482430007432338, 00764, 4498.265043763987, 4606.841733962972, 4508.406669019488
8.400849130557326, 00769, 4536.991704651714, 4647.747265491548, 4548.117116453464
8.317816797596404, 00773, 4577.040377797196, 4690.126780990164, 4589.251246829539
8.240170569469056, 00776, 4615.081113177102, 4730.455880539915, 4628.388645539591
8.176123571154516, 00780, 4646.897911120067, 4764.24273564303, 4661.171071955506
8.095919798951153, 00784, 4687.311551664701, 4807.234642362905, 4702.873846454703
8.024770866992448, 00790, 4723.703419518686, 4846.022133275939, 4740.48803442518
7.993811105192718, 00792, 4739.700056996333, 4863.094632879748, 4757.0403470732645
7.941299925268067, 00795, 4767.058285179916, 4892.326182994941, 4785.375567299698
7.8784862473743456, 00798, 4800.162938963991, 4927.753288474215, 4819.706331094508
7.803399998583247, 00801, 4840.285225650164, 4970.774534869088, 4861.379527442015
7.798357979138585, 00802, 4843.001694484873, 4973.689692393018, 4864.203043724169
7.726101992968289, 00806, 4882.227004253325, 5015.845509354035, 4905.017905727168
7.658512225404332, 00809, 4919.440027687577, 5055.9225877381205, 4943.800923488844
7.654113497698935, 00810, 4921.879856159464, 5058.552465077878, 4946.3455552931155
7.592400404698539, 00814, 4956.334345698686, 5095.7376246738995, 4982.31274870469
7.511592532476284, 00818, 5002.105253216186, 5145.247660542689, 5030.172556209057
7.4526846324418035, 00821, 5035.948246058537, 5181.935500713998, 5065.621466585519
7.3806144651654435, 00826, 5077.912719378698, 5227.517026707887, 5109.650779457868
7.303120626860958, 00830, 5123.730996405728, 5277.398695180914, 5157.821904341467
7.233839604641407, 00834, 5165.309819863968, 5322.772596836338, 5201.629107841741
7.176117353088577, 00838, 5200.399171644084, 5361.147556569959, 5238.675266989591
7.100529868840653, 00842, 5246.9729187640205, 5412.189678021168, 5287.955741265624
7.1077284173080155, 00843, 5242.505971827507, 5407.290146394576, 5283.224947963698
7.038064490898693, 00848, 5286.012235634244, 5455.055676800701, 5329.340391797649
6.9856263432316235, 00851, 5319.180629186484, 5491.529922207563, 5364.540004051879
6.967159219801154, 00852, 5330.952408022427, 5504.48193038365, 5377.033968356001
6.909068334635034, 00857, 5368.31161464932, 5545.583964415924, 5416.662718096552
6.831425565305229, 00862, 5419.109340039161, 5601.421682651742, 5470.420850641556
6.7729684914359805, 00866, 5458.101701360064, 5644.1819375171, 5511.518876345472
6.708009988077708, 00871, 5502.247410876312, 5692.433109889418, 5557.869508887985
6.640156321314598, 00875, 5549.326896926288, 5743.70081658385, 5607.098635912072
6.588900996355547, 00879, 5585.561710861618, 5783.030725236533, 5644.8581329065955
6.5182881449791585, 00884, 5636.454820058504, 5838.089795547828, 5697.715543932936
6.456481621089433, 00890, 5681.952923617077, 5887.145613739431, 5744.811170721372
6.400064794392484, 00894, 5724.277757628891, 5932.656050294541, 5788.5053630184
6.340404640229314, 00899, 5769.878871595463, 5981.572720773098, 5835.477286574025
6.281142573933438, 00904, 5816.053455478295, 6030.996990521399, 5882.940730020624
6.220806777150145, 00908, 5863.983958880413, 6082.197352938799, 5932.112368318807
6.1508411890736365, 00915, 5920.755910772552, 6142.717993309813, 5990.236254923315
6.095939015552117, 00919, 5966.225962008688, 6191.101470707455, 6036.701208111839
6.339145912805184, 00921, 5772.52537447705, 5979.919222086946, 5836.351787781052
5.164435117464285, 01005, 6865.212564941559, 7161.9073466854725, 6967.720078166609
5.116649608845895, 01009, 6917.04460979379, 7220.660588519106, 7023.821047169607
5.114091182494908, 01010, 6919.8332104416, 7223.831203388105, 7026.848469590237
5.065313259165525, 01015, 6973.264193864197, 7284.739808672593, 7085.023899154636
5.014347387451785, 01019, 7029.6937153904855, 7349.238338580669, 7146.715317490948
4.992363112456263, 01021, 7054.274746347546, 7377.3151507064, 7173.604501274179
4.966412909789972, 01024, 7083.519447197986, 7410.660477693698, 7205.5643115517405
4.916771629203725, 01029, 7140.237467359339, 7475.09811696535, 7267.381451021631
4.868009607574696, 01035, 7197.043352619352, 7539.288784008096, 7328.992624427319
4.818778611538406, 01042, 7255.568935849731, 7605.076187722978, 7392.127011843472
4.772661995757697, 01047, 7311.531548723358, 7667.66102239069, 7452.137839803916
4.722076650181134, 01054, 7374.254119931445, 7737.4083178691335, 7518.920360729722
4.676212241998, 01061, 7432.372371079582, 7801.629077528796, 7580.334611343876
4.6293295129410925, 01067, 7493.035178243007, 7868.243181288904, 7643.979012620389
4.585880094403055, 01074, 7550.411826919424, 7930.860355526097, 7703.764638586245
4.536457583961541, 01080, 7617.083615861691, 8003.13208671587, 7772.732886948386
4.494084569400485, 01086, 7675.500114471522, 8065.991965397949, 7832.689202468489
4.444360468682107, 01091, 7745.623980972687, 8140.821958988276, 7904.0231894834515
4.446422599067771, 01093, 7742.6791646907395, 8137.696645251268, 7901.043654881076
4.398016028622598, 01099, 7812.5880388865025, 8211.609325622145, 7971.45627080632
4.353986940869475, 01106, 7877.7225119384375, 8279.741640857279, 8036.298663939958
4.313201046031896, 01111, 7939.203205507102, 8343.552814984696, 8096.8507971059
4.269600166343466, 01117, 8005.312057873816, 8412.541295916088, 8162.1236356167965
4.2270823686382215, 01123, 8069.78705377286, 8480.912546526082, 8226.850808203897
4.183696361718909, 01129, 8135.888036976647, 8552.002401299367, 8294.190694849594
4.138534824327435, 01135, 8205.343449932847, 8627.601424374914, 8365.652074173267
4.09416113929567, 01141, 8274.678589670842, 8703.790882228981, 8437.174652727832
4.054187439947088, 01146, 8338.451032873461, 8774.277402746497, 8502.881407123557
4.013047440620789, 01152, 8405.562171275044, 8848.748615043198, 8572.037059312695
3.9956707920047663, 01154, 8434.36414632813, 8880.80025147384, 8601.77194957548
3.971417679567261, 01157, 8475.032724932607, 8926.123571441958, 8643.846454765087
3.926335249578784, 01164, 8552.136414088065, 9012.176393570966, 8724.000687391204
3.889918785606622, 01171, 8615.98365527951, 9083.422127706304, 8790.80725878773
3.8479787971203194, 01177, 8691.615717620087, 9167.640761335235, 8870.052338859145
3.8090454868447337, 01183, 8762.960563688765, 9247.243110793595, 8944.414900825155
3.7695939387107824, 01191, 8835.343786331121, 9328.580579117472, 9020.73322236483
3.730005836662402, 01197, 8908.318144752187, 9410.990777968014, 9098.492489577631
3.689684455274251, 01203, 8983.171696221758, 9495.785693005164, 9178.8994303127
3.6543553151022756, 01209, 9049.261801970213, 9570.778757444994, 9250.341160689522
3.616188741000051, 01217, 9121.220428205212, 9652.467940729253, 9328.557687423418
3.575571814682318, 01226, 9198.501094636595, 9740.015824199592, 9412.984189578421
3.5333277850748788, 01232, 9279.956429986732, 9831.320279555457, 9502.0356899539
3.4999287549510276, 01238, 9346.198999454882, 9903.724636906105, 9573.53912198561
3.462157853883167, 01245, 9423.50919095392, 9988.23730689929, 9656.312931142333
3.4236623204706573, 01251, 9504.229106064005, 10077.931080379038, 9742.45950559891
3.3925991012266756, 01257, 9570.509610745445, 10152.99065540414, 9813.156551531369
3.353382303172184, 01263, 9655.299968042678, 10251.241979083796, 9903.864588528086
3.3163276620891766, 01270, 9735.926430587566, 10346.125029816314, 9990.996033308882
3.281660306805837, 01275, 9812.376339381104, 10434.851386743509, 10073.523841242966
3.24933016986844, 01281, 9884.967883184943, 10517.560049881804, 10151.41416204495
3.213302306763987, 01287, 9967.611434930172, 10609.673130048022, 10239.367369765134
3.2117990234310154, 01289, 9971.109220690712, 10613.505917990655, 10243.063149239406
3.178355738440839, 01297, 10050.09616680482, 10698.628854428383, 10325.872159659915
3.143755620113862, 01304, 10133.760624626066, 10787.99251835931, 10413.001132394444
3.106751899580842, 01312, 10224.57798415839, 10887.813493488009, 10507.686719001782
3.0770045034317643, 01317, 10298.423219467897, 10971.14127205836, 10585.01586203831
3.031921147721313, 01326, 10411.339704670372, 11102.779669102896, 10704.622965702181
3.033071142211404, 01327, 10408.454371988277, 11099.339704178772, 10701.527689903096
3.0109516193109167, 01332, 10463.863803990325, 11165.992630418245, 10761.648019289807
2.994274716473713, 01335, 10505.736973366978, 11216.342257013352, 10807.829991518904
2.974302510242989, 01338, 10556.34309435146, 11276.407533544621, 10863.968308707957
2.9760449751562597, 01339, 10551.903941089433, 11271.185152697803, 10859.034302780166
2.943518411330447, 01345, 10635.581612254226, 11368.575668194992, 10952.048719055196
2.9423448013978613, 01346, 10638.634038259524, 11372.077610740898, 10955.44087881108
2.9108404200911626, 01353, 10721.591194661445, 11465.654130110908, 11047.381902740675
2.878001587054664, 01358, 10810.502847603124, 11562.361448132384, 11144.35562965978
2.8776233481830737, 01360, 10811.545523054046, 11563.4814042688, 11145.4624015975
2.847611149741401, 01366, 10894.63198729249, 11654.225889078725, 11233.90485711321
2.8160473677811884, 01373, 10983.328636675775, 11753.685641082442, 11327.526385035582
2.78403384723612, 01379, 11074.605499279502, 11858.9450332124, 11423.661952652345
2.74840498785923, 01387, 11177.871882598962, 11981.870555026542, 11533.183812385078
2.718937342353955, 01392, 11264.85882028306, 12084.743830325777, 11627.445696654804
2.690336028077603, 01399, 11350.368482621234, 12183.828440986275, 11721.04238906334
2.6609945657504697, 01407, 11439.041279159639, 12284.737510472996, 11818.67378332383
2.62982179225904, 01417, 11533.94324420685, 12390.621528150285, 11923.468905755402
2.597651488834279, 01424, 11632.691793420592, 12501.577419731328, 12030.857817809214
2.5686394293313413, 01431, 11724.063245018056, 12606.716451453569, 12128.953756451001
2.5689783891004287, 01433, 11722.974744863925, 12605.446344349162, 12127.79183059718
2.537106887476669, 01441, 11826.391508576355, 12725.96263798237, 12238.214250417217
2.5082451691676124, 01446, 11923.436845813405, 12839.208472669243, 12341.791433921893
2.5101462256162055, 01447, 11916.937880859896, 12831.671460602265, 12334.818439354047
2.4826219361256294, 01454, 12011.458479569996, 12940.405681130782, 12437.377530630232
2.451856663276304, 01463, 12116.770454331941, 13061.030210506216, 12553.974770997302
2.4238461682885357, 01472, 12211.815674672744, 13171.10686047691, 12660.340647899144
2.394963288650523, 01479, 12309.150237123595, 13286.279147491665, 12769.083251254367
2.3660938575747523, 01484, 12408.632277295575, 13405.187483697711, 12877.03892268142
2.3417170970239742, 01490, 12496.595009843488, 13508.221345679047, 12970.1236742729
2.3146426012921744, 01497, 12598.491547140191, 13624.50187005968, 13076.933953543787
2.2849466034173616, 01506, 12714.295176151834, 13753.273973835901, 13199.468835923188
2.2601249701720962, 01512, 12810.767583242694, 13861.883030130612, 13305.299014937042
2.2305706600488673, 01520, 12923.782604662872, 13994.131750161587, 13432.123189345355
2.206836473706554, 01525, 13013.383661255319, 14103.330877603197, 13533.607512969069
2.180208918288904, 01532, 13114.934514834338, 14229.807400053849, 13645.820872670127
2.1550332776785632, 01540, 13216.242128990083, 14350.633426747569, 13753.93933326098
2.1510562391594035, 01541, 13232.615548397443, 14369.798265707495, 13771.11911758226
2.126226695567633, 01546, 13337.414403867999, 14488.837938078197, 13881.564605388758
2.126214171143721, 01548, 13337.458059529725, 14488.910650330525, 13881.613700215785
2.1199128659741593, 01550, 13364.666853421548, 14519.021442664965, 13910.259532456628
2.0995298943657157, 01555, 13454.147555842357, 14615.59369629992, 14005.264304743763
2.0807584624280664, 01561, 13535.82847010198, 14705.279951093069, 14094.671285558985
2.0605405322575763, 01568, 13623.183776505643, 14805.564028048995, 14190.635379682835
2.042715074539393, 01574, 13700.286565735829, 14897.044309115141, 14275.142796274067
2.0217626427628033, 01579, 13791.335509388215, 15008.546781608607, 14374.232312371003
2.0058192319609947, 01584, 13861.590756906055, 15097.0951738397, 14449.4453806244
1.9993721368941801, 01586, 13890.71423631881, 15133.335440242889, 14480.57043810771
1.989368430327382, 01589, 13936.423112314706, 15189.071845515045, 14529.659171783325
