z, snapnum, center_x, center_y, center_z
14.999994919829, 000, 2677.844843417026, 2709.8040701570003, 2664.2075979865235
14.994899490711, 001, 2678.6908420754585, 2710.677656220696, 2665.057891447162
14.862886935933, 002, 2700.7965744487556, 2733.5092450835814, 2687.2765355955153
14.733187163653, 003, 2722.8730992027395, 2756.3198983295324, 2709.4664172242833
14.603087125488, 004, 2745.384196507708, 2779.5877649843906, 2732.092712364793
14.475087332332, 005, 2767.9003613230243, 2802.8667537187966, 2754.722899946981
14.346787303998, 006, 2790.84665267796, 2826.593665575212, 2777.7841891122366
14.220687520472, 007, 2813.7775149427102, 2850.3060110989736, 2800.8292117758033
14.094287492244, 008, 2837.149108564227, 2874.474148029446, 2824.316626098245
13.999290575826, 009, 2854.974818789036, 2892.906823600176, 2842.230324546486
13.970097088041, 010, 2860.4985446936053, 2898.618466702287, 2847.7812485917684
13.847787895001, 011, 2883.878317410343, 2922.792506249309, 2871.2756535220365
13.725387887113, 012, 2907.6659898897883, 2947.3861400790684, 2895.1793520146334
13.602787868478, 013, 2931.8925571351915, 2972.431591290203, 2919.52418305328
13.482288075301, 014, 2956.103273121012, 2997.4586435482793, 2943.8528921231177
13.363688262331, 015, 2980.328109221025, 3022.4988461150574, 2968.1947631797434
13.244988253586, 016, 3004.9764022807735, 3047.975785802957, 2992.9602649251415
13.126288254584, 017, 3030.0380555852294, 3073.8790717320567, 3018.138277740897
13.009488441566, 018, 3055.112109007845, 3099.7943448100227, 3043.3249864354802
12.999699022011, 019, 3057.2326020636424, 3101.9859476555316, 3045.454808799419
12.894689598403, 020, 3080.1660034353267, 3125.6881955343565, 3068.4868280545734
12.779788629536, 021, 3105.658214652875, 3152.035055706084, 3094.0832415851137
12.666788816774, 022, 3131.144279329936, 3178.376215437815, 3119.666668735467
12.553788817686, 023, 3157.0525212620414, 3205.1548894111233, 3145.6653738110067
12.442689004625, 024, 3182.9461777578604, 3231.919489312987, 3171.638833273233
12.331589005681, 025, 3209.266285529633, 3259.1253613187596, 3198.02673006386
12.22048900655, 026, 3236.021871644815, 3286.7801002492106, 3224.833341762545
12.111289193654, 027, 3262.751623697156, 3314.4035024314844, 3251.5910788512588
12.003889370837, 028, 3289.460377190474, 3341.996323260474, 3278.3051652778945
12.000499661173, 029, 3290.310072548109, 3342.8740061486246, 3279.1548613928653
11.896589713532, 030, 3316.556049924015, 3369.983549090606, 3305.403187289357
11.78938939222, 031, 3344.034436458318, 3398.3732975258395, 3332.9060619261713
11.683889559565, 032, 3371.4567770062017, 3426.7425205810423, 3360.4141098744817
11.580189736839, 033, 3398.7588033947222, 3455.057206015578, 3387.914530010497
11.476589747454, 034, 3426.382618524352, 3483.795151403519, 3415.891582449757
11.373189767788, 035, 3454.3344109895147, 3512.9602204029334, 3444.360140050059
11.271389925534, 036, 3482.2754569133504, 3542.1759531964776, 3472.954120915672
11.169889955662, 037, 3510.5833666918193, 3571.825143293048, 3502.032404486032
11.06999011333, 038, 3538.9023938074156, 3601.5207077151276, 3531.214373250136
11.000493100903, 039, 3558.884574235572, 3622.482758278286, 3551.8464621121557
10.97029699018, 040, 3567.6409924516934, 3631.6686266631073, 3560.8959397504937
10.870790153332, 041, 3596.8250730884756, 3662.276648264879, 3591.0826030062267
10.772990321522, 042, 3626.020266972878, 3692.8692791827893, 3621.296754570337
10.676790478939, 043, 3655.2633720635067, 3723.462550756561, 3651.5436501464205
10.579390362323, 044, 3685.4382545007325, 3754.961466824599, 3682.690025932695
10.484990656949, 045, 3715.259867708561, 3786.014637510986, 3713.3746735741493
10.389490549815, 046, 3746.018666225686, 3817.978440689326, 3744.925008423717
10.295590707536, 047, 3776.8541739738766, 3849.965333324782, 3776.458227309657
10.201990737577, 048, 3808.183502883376, 3882.4252430269703, 3808.4072139686136
10.109890885404, 049, 3839.5885757111696, 3914.953576518879, 3840.3640517850868
10.018090915506, 050, 3871.462627370731, 3947.9807502513686, 3872.749384779346
9.9998981846605, 051, 3877.8472123015936, 3954.6001462098147, 3879.2317038675774
9.9277928490036, 052, 3903.3739186920784, 3981.0846948976055, 3905.135424697729
9.8377910931976, 053, 3935.73517997723, 4014.7253467286882, 3937.950372089889
9.7480911233776, 054, 3968.5429856725996, 4048.9401023553237, 3971.2033402765146
9.6597912613927, 055, 4001.3805151302345, 4083.345692696387, 4004.4953932375847
9.5718913012486, 056, 4034.577844863706, 4118.363134507916, 4038.206739411522
9.4843913409811, 057, 4068.0095823983647, 4153.943057378007, 4072.3437342732564
9.3971913713453, 058, 4101.712635177239, 4189.965888304776, 4106.974237818921
9.3113915090456, 059, 4135.353674022447, 4225.907369260268, 4141.672720437795
9.2269916470333, 060, 4168.975040632521, 4261.754075419431, 4176.425648320968
9.1419915889082, 061, 4203.403175342403, 4298.364202876782, 4212.047338769184
9.0582917167547, 062, 4237.874760322021, 4334.914079795154, 4247.734631620824
8.9999942129972, 063, 4262.228466689659, 4360.669759383063, 4272.950369196256
8.9760976177094, 064, 4272.2955338270585, 4371.299319330175, 4283.371789706713
8.8931917960193, 065, 4307.616820675706, 4408.514129903395, 4319.910176582255
8.8115919247802, 066, 4342.988268671376, 4445.694378928332, 4356.4459605649545
8.7313920625196, 067, 4378.339374145802, 4482.7947894803865, 4392.8973313142615
8.6505920041932, 068, 4414.547422740936, 4520.761168791295, 4430.159932980883
8.5711921422878, 069, 4450.71730889006, 4558.674323115357, 4467.289419680074
8.4921921819391, 070, 4487.292947452024, 4597.025443093352, 4504.720078812796
8.4134922121728, 071, 4524.325845022126, 4635.890302007792, 4542.475601974068
8.3361923498816, 072, 4561.293983189597, 4674.754206306114, 4579.981109737851
8.2592923894579, 073, 4598.64726116613, 4714.164687424952, 4617.664834996813
8.1826924198018, 074, 4636.426490033436, 4754.274426812776, 4655.594682911864
8.1065924692177, 075, 4674.605652476511, 4794.9783374984, 4693.938105852905
8.0317925973849, 076, 4712.792950428478, 4835.642288371505, 4732.43442069204
8.0000968445394, 077, 4729.168005524459, 4853.057548000016, 4749.002900272585
7.9573957555987, 078, 4751.410737835248, 4876.692858069186, 4771.574434696917
7.8833926763339, 079, 4790.452725503883, 4918.1413252896755, 4811.392904616442
7.8105927951406, 080, 4829.469725648974, 4959.539817416441, 4851.458282095523
7.7373927563427, 081, 4869.333383044051, 5001.791343487209, 4892.655631876239
7.6654928845141, 082, 4909.169310693376, 5043.969462931844, 4934.020989397981
7.5939929241901, 083, 4949.483965579203, 5086.676299908758, 4976.1035181887855
7.5229929734813, 084, 4990.241482850759, 5129.991568412469, 5018.825761924786
7.4530930821942, 085, 5031.0456684597975, 5173.715323277011, 5061.49926731747
7.3828930531443, 086, 5072.6417849405325, 5218.642507745553, 5104.781243511094
7.3138931715183, 087, 5114.189461666245, 5263.668927859867, 5147.789302720665
7.2453932209534, 088, 5156.09096382831, 5309.106908122558, 5191.035935171498
7.1772932603986, 089, 5198.421683782892, 5354.914422266415, 5234.649316110979
7.1095933005624, 090, 5241.229034065566, 5401.03994182116, 5278.679555757511
7.0430934183956, 091, 5284.002425858296, 5446.88891098359, 5322.611809297017
6.9999957194663, 092, 5312.106830558676, 5476.882816271028, 5351.454045390975
6.976397649115, 093, 5327.62177070393, 5493.398726826355, 5367.37205828619
6.9107935073922, 094, 5371.215953820496, 5539.654937633948, 5412.1120199913275
6.8455935471956, 095, 5415.220454534086, 5586.102495462711, 5457.3324100409645
6.7808935971673, 096, 5459.489274646059, 5632.647548207861, 5502.998952829847
6.7165936365877, 097, 5503.833211527193, 5679.42684457426, 5549.1516714777
6.6528936961927, 098, 5548.23785155763, 5726.951406846226, 5595.596387342256
6.5895937357672, 099, 5593.334889808567, 5775.443057354981, 5642.514029336049
6.5272938338839, 100, 5638.757994713379, 5824.387299780698, 5689.526652056921
6.4648938250999, 101, 5685.352449694178, 5874.6034102022195, 5737.505706254284
6.4035939330397, 102, 5732.213129391649, 5925.090444475963, 5785.594127404528
6.3426939730505, 103, 5779.814723319749, 5976.346273350608, 5834.480908384833
6.2816939636138, 104, 5828.287286109781, 6028.688562225218, 5884.892801828125
6.2217940714783, 105, 5876.17367304944, 6080.678785149358, 5935.567980783655
6.1622941116921, 106, 5924.23297025792, 6132.8972875280915, 5986.339343093526
6.1032941608005, 107, 5972.6490160104895, 6185.357404417534, 6037.073232206704
6.0446942008337, 108, 6021.551174827046, 6238.152932486722, 6087.842453409316
5.9998955559224, 109, 6059.523993949745, 6278.98999435179, 6126.8786298711475
5.9866986835483, 110, 6070.81430011676, 6291.099439288718, 6138.405418098948
5.9285942497514, 111, 6121.109291517756, 6344.828440225191, 6189.181967214788
5.8713943394201, 112, 6171.560622242134, 6398.574261327247, 6239.654591300549
5.8147943982658, 113, 6222.076006806714, 6452.79038086911, 6291.237395667445
5.7585944383105, 114, 6272.903261302025, 6507.625055582359, 6343.9628176531405
5.7028944875638, 115, 6323.98941031464, 6563.066093403046, 6397.6535105632
5.647594526744, 116, 6375.582911550519, 6619.407225539488, 6452.397913360765
5.5927945768292, 117, 6427.990418020003, 6676.837656090391, 6507.746540033191
5.538494625822, 118, 6481.212134709608, 6734.737028228232, 6562.819041900339
5.4846946756849, 119, 6534.715440616461, 6792.568296414083, 6617.684534944632
5.4308946759191, 120, 6588.6409867694965, 6850.804427628027, 6673.085964880176
5.3779947640248, 121, 6641.78325931706, 6908.5324876689465, 6728.3458656556895
5.3254948043508, 122, 6694.645168168698, 6966.232997651129, 6784.277979146794
5.273094814101, 123, 6749.026976660434, 7025.181462041083, 6841.573153389973
5.2211948639971, 124, 6804.627111157264, 7085.24576041085, 6899.374770657491
5.170194952348, 125, 6860.865251724578, 7146.105836585678, 6957.2311672251135
5.1191949522173, 126, 6917.590700391241, 7208.340613657135, 7016.58292357751
5.068695002401, 127, 6973.7630739874785, 7270.095715893206, 7076.361467591352
5.0186950512658, 128, 7030.153737480437, 7331.290658194853, 7135.701437413576
4.9998981278104, 129, 7051.854210945681, 7354.574019064841, 7157.946788581363
4.9690969398851, 130, 7087.929845392359, 7393.42409291583, 7194.654062095786
4.9195951011504, 131, 7146.540088040567, 7457.350568539563, 7254.993316018826
4.8709951893125, 132, 7204.412559909161, 7521.421316377252, 7316.273644530203
4.8223951905621, 133, 7262.989042527071, 7585.785254100569, 7379.280157580948
4.7742952393643, 134, 7322.39285095045, 7650.529916640652, 7441.017784929156
4.7266952893166, 135, 7382.567905764062, 7715.837108359437, 7501.682448314865
4.6795953383932, 136, 7442.91941725252, 7780.901764054939, 7563.744338848629
4.6328953773193, 137, 7503.53501040767, 7846.608199000667, 7627.591372279224
4.5862953884357, 138, 7565.191304836885, 7914.444054073302, 7692.18728285801
4.5401954371605, 139, 7627.6258839629045, 7982.576518335126, 7755.621732532101
4.4944954773608, 140, 7690.751810670722, 8049.762185669831, 7818.90072083446
4.4489954970019, 141, 7755.276708113668, 8117.085990014508, 7883.080951175109
4.4041955652541, 142, 7820.174488703449, 8187.2460710354035, 7947.7020090386095
4.3595955862291, 143, 7885.4822318821, 8259.767136188686, 8014.406091841341
4.3154956348754, 144, 7950.452587007568, 8330.97837826945, 8082.712499854807
4.2714956457356, 145, 8015.351825242879, 8402.40354197456, 8151.130954278447
4.2278956849191, 146, 8080.740529720857, 8475.190762547441, 8219.071183316946
4.1847957346183, 147, 8146.926967286608, 8548.328502392469, 8288.407197051501
4.1421957839412, 148, 8212.593104255571, 8621.430905817513, 8359.575671816729
4.0996957933227, 149, 8277.712351338689, 8695.803946046828, 8432.497356143003
4.0576958434221, 150, 8344.539711630554, 8770.79234027967, 8506.379730035695
4.016095882543, 151, 8413.424762674595, 8845.96406118657, 8577.694387722306
3.9999983968381, 152, 8439.966006086333, 8875.573065930823, 8604.660587040853
3.9745974762079, 153, 8483.753557281576, 8922.511699752817, 8647.8469495509
3.9333959226401, 154, 8553.086294243578, 8999.701272383498, 8722.301583832637
3.8927959810875, 155, 8619.776706798586, 9075.85946025132, 8797.536094410767
3.8524960116453, 156, 8692.24155081959, 9155.265804262093, 8870.629936106827
3.8122960213243, 157, 8765.08702057791, 9235.448265025618, 8945.19647746469
3.7727960906753, 158, 8834.273916032995, 9314.296787750729, 9020.968416611597
3.7332960909598, 159, 8906.625298083556, 9393.50282878255, 9099.940365384346
3.6554961504128, 161, 9053.670494222279, 9557.11352860498, 9250.604529167715
3.6171962090133, 162, 9125.279207525622, 9640.876575063068, 9330.958181977034
3.5791962392067, 163, 9200.408751019742, 9722.89700927348, 9409.596173739485
3.5412962492616, 164, 9275.763312624895, 9809.273704885773, 9489.746004538814
3.5038962975901, 165, 9350.463111910385, 9891.630744796172, 9569.659942346203
3.4666963184989, 166, 9427.63298911851, 9978.163800109438, 9653.310073840581
3.4298963574366, 167, 9504.3176633773, 10064.203401888333, 9732.567097177647
3.3932963778803, 168, 9579.631196587829, 10151.088328883214, 9817.542626418603
3.3570964172975, 169, 9659.129793597875, 10239.743966170274, 9899.639119287049
3.3210964361368, 170, 9737.665272528511, 10328.534641256974, 9985.015690995755
3.2853964669301, 171, 9817.535757716223, 10417.567983078625, 10066.503147595642
3.2500965057992, 172, 9896.089431085162, 10507.145162820723, 10155.116131945559
3.2150965360807, 173, 9977.105477896253, 10598.51656449337, 10239.128944043903
3.1802965558709, 174, 10058.736551493128, 10690.79600674987, 10327.412705283685
3.1457965844131, 175, 10140.054570419126, 10782.679896876452, 10412.671848983922
3.1116966250921, 176, 10222.392779912814, 10875.88588742451, 10503.898019235356
3.0775966246924, 177, 10307.598751894731, 10970.073584038815, 10590.273648955499
3.0439966746302, 178, 10389.354913899151, 11065.868831530097, 10682.199900458068
3.0106967041849, 179, 10475.401647418887, 11161.994644987159, 10771.402121590803
2.9999989338659, 180, 10501.620067564216, 11192.035260017257, 10802.330755330937
2.9775977749025, 181, 10558.632067388882, 11258.31746717098, 10863.35211435293
2.9447967537037, 182, 10645.708652947758, 11355.266473580023, 10955.065438590278
2.9121967729219, 183, 10733.925357769278, 11455.5014577829, 11050.099107758166
2.8799968131163, 184, 10820.643171509406, 11553.085761399267, 11140.938030168805
2.8478968230392, 185, 10907.709040519818, 11653.965107213338, 11236.955966665411
2.8161968611692, 186, 10997.04646584493, 11754.318539135376, 11329.94183005537
2.7846968824631, 187, 11086.095652389271, 11857.139757256242, 11426.07641052981
2.7534969112909, 188, 11175.701532955882, 11959.676957620546, 11523.183724476508
2.7225969417497, 189, 11267.475853572869, 12063.343818208341, 11621.195129739837
2.6917969516329, 190, 11359.842299140397, 12168.040913756115, 11718.674356724005
2.6613969896475, 191, 11452.06413826556, 12274.303723958912, 11817.41730419495
2.6311970110637, 192, 11544.97378576919, 12380.88709678329, 11917.062648724335
2.6012970397941, 193, 11639.56990465214, 12488.759019288742, 12016.892619985065
2.5715970605319, 194, 11736.060544966655, 12598.623064356658, 12117.219341185626
2.5420970801678, 195, 11830.81151505377, 12709.700979298412, 12222.323236933673
2.5127970984621, 196, 11929.763439978104, 12822.658939190214, 12327.023376190036
