z, snapnum, center_x, center_y, center_z
14.994881640805401, 001, 2666.9818273370956, 2708.596294917719, 2661.194079963189
14.86294422706672, 002, 2689.1929538635604, 2731.338012522089, 2683.416502363268
14.733165562947939, 003, 2711.4071611409886, 2754.0822277874395, 2705.6402229036103
14.603058259505584, 004, 2734.0521360982675, 2777.2665891698457, 2728.292658505095
14.475085211045718, 005, 2756.701032333339, 2800.453693540983, 2750.9464226505097
14.346838579409678, 006, 2779.782158080787, 2824.0808454697935, 2774.0292082544133
14.220700255034602, 007, 2802.868459790574, 2847.7106293226475, 2797.1135317296494
14.09433973384446, 008, 2826.3885100988364, 2871.780673223136, 2820.6271659326044
13.999250093326285, 009, 2844.3536732978027, 2890.1633047194846, 2838.5847873671596
13.970059983313066, 010, 2849.91530387942, 2895.8534628210596, 2844.1433365665366
13.847809998185655, 011, 2873.4486242379216, 2919.9286109564064, 2867.6624376479535
13.72537185348397, 012, 2897.4167205649233, 2944.4438886093035, 2891.612867764945
13.602803825544338, 013, 2921.8175625501817, 2969.3996502038835, 2915.9955094527245
13.482259341986817, 014, 2946.220704422969, 2994.359815803208, 2940.382084653513
13.363688676929963, 015, 2970.6257961448027, 3019.3268588989426, 2964.772460354667
13.245014321296457, 016, 2995.46202009208, 3044.739706900951, 2989.5940620546553
13.12628912967963, 017, 3020.7298713334762, 3070.5984737669855, 3014.846639521677
13.009526564220733, 018, 3046.0012113695625, 3096.4652275196286, 3040.1023035352164
12.999720087950351, 019, 3048.1430151546347, 3098.6579063107697, 3042.242692348578
12.894678396001847, 020, 3071.2768620909906, 3122.3408283851186, 3065.3608742368197
12.77979891418325, 021, 3096.9859974486476, 3148.6639753801455, 3091.0504624680416
12.666803424236653, 022, 3122.7002518819954, 3174.996349368175, 3116.742878815462
12.55380868206109, 023, 3148.8488955712382, 3201.7772247540556, 3142.866113240077
12.442667137854517, 024, 3175.0034726015792, 3228.568895281045, 3168.9922461011774
12.331555819466983, 025, 3201.593400710229, 3255.811511639013, 3195.5493972004724
12.22051824752823, 026, 3228.6200789948884, 3283.5066809648615, 3222.5372325096964
12.111315094722865, 027, 3255.6552418129463, 3311.2159570005633, 3249.527534119987
12.003901171132824, 028, 3282.6996961614554, 3338.9401985400104, 3276.5203281074014
12.000520129036715, 029, 3283.5584429078212, 3339.820468517073, 3277.3772587937847
11.896569606893607, 030, 3310.184469042972, 3367.1205644264387, 3303.94419276284
11.789359272131726, 031, 3338.1112445708472, 3395.7597978442705, 3331.7993250608747
11.68391686716682, 032, 3366.051231789965, 3424.419794002639, 3359.656637194439
11.580198839475592, 033, 3394.0055973710805, 3453.1054820697623, 3387.515087049291
11.47660640235505, 034, 3422.4040059520958, 3482.2692000679713, 3415.802114278638
11.373174986754059, 035, 3451.240275385778, 3511.921232934733, 3444.5166606849716
11.271444350399372, 036, 3480.077440321416, 3541.6283212192866, 3473.2318850574707
11.16989171907492, 037, 3509.3362395733284, 3571.8490379673794, 3502.381988521817
11.070006076713758, 038, 3538.5687300944305, 3602.147886266698, 3531.5501758061337
11.000480103177296, 039, 3559.174380650876, 3623.5796886763837, 3552.1593134934774
10.970313692832521, 040, 3568.1797256163372, 3632.967739083641, 3561.18216166243
10.87084525648944, 041, 3598.1469568004027, 3664.305937832104, 3591.294234662632
10.77301627607709, 042, 3628.036633502711, 3695.703352124216, 3621.47198973527
10.676786564153382, 043, 3657.8461076378358, 3727.141294730655, 3651.7129788849143
10.579435000620148, 044, 3688.426185802518, 3759.4912451110968, 3682.857194507259
10.485012090004101, 045, 3718.503243065257, 3791.379887222074, 3713.590609590085
10.389521699759952, 046, 3749.3487468691096, 3824.1319820109507, 3745.199331132927
10.29560607088979, 047, 3780.121170188992, 3856.8277296934507, 3776.813774695833
10.201971618937897, 048, 3811.2520703449777, 3889.911260074757, 3808.869759476667
10.109876754113454, 049, 3842.3297566174488, 3922.9334830046982, 3840.938460212795
10.01806967908142, 050, 3873.7799307894556, 3956.340543058319, 3873.4539298055265
9.999890046298916, 051, 3880.065087136538, 3963.014833653036, 3879.958381251309
9.927767465099484, 052, 3905.188436396687, 3989.687394759522, 3905.983321140299
9.837758836818642, 053, 3936.975850275413, 4023.416038989024, 3938.9606383067294
9.74806535696792, 054, 3969.1446631813674, 4057.5213716157587, 3972.386462905519
9.659844380694343, 055, 4001.2809431928335, 4091.55515117215, 4005.8270493132563
9.571942073357633, 056, 4033.807315127305, 4125.949059234555, 4039.713244101613
9.484378349765402, 057, 4066.724714245904, 4160.69722732486, 4074.0394665180315
9.397171992102479, 058, 4100.038146754013, 4195.800767615918, 4108.799263805903
9.311404489009968, 059, 4133.341981413579, 4230.828374944039, 4143.546153826249
9.227040307082937, 060, 4166.656056480214, 4265.7946475054905, 4178.271161902026
9.141987905311261, 061, 4200.83053257463, 4301.584118746609, 4213.832438500313
9.058338387722731, 062, 4235.043068724695, 4337.337974204098, 4249.352464535973
9.000000000000002, 063, 4259.269529598051, 4362.616308054693, 4274.444362716457
8.976057536985792, 064, 4269.301368853051, 4373.075387842407, 4284.8179304784035
8.893153938683717, 065, 4304.444357408713, 4409.685051534257, 4321.076891118606
8.811617024284534, 066, 4339.64072636595, 4446.309556761145, 4357.255805767166
8.731413042290935, 067, 4374.892999577521, 4482.9636333813105, 4393.348748098329
8.650646640832445, 068, 4411.04116061472, 4520.536239246614, 4430.209654818261
8.571209804115838, 069, 4447.243788665567, 4558.171944250426, 4466.97702937885
8.492168964780358, 070, 4483.92112703271, 4596.3231258075, 4504.080593405953
8.41353667611758, 071, 4521.072743959273, 4635.00995654114, 4541.518653844377
8.33619650053484, 072, 4558.277810189757, 4673.816864394704, 4578.863117003085
8.259259262862878, 073, 4595.961348872352, 4713.211644612476, 4616.541640612389
8.182736517450303, 074, 4634.1186773042145, 4753.231933492598, 4654.568965987657
8.10663879349832, 075, 4672.729644636883, 4793.92127834556, 4692.985932426048
8.0317919212143, 076, 4711.335144721614, 4834.861964529568, 4731.431995833513
8.000090003823503, 077, 4727.866653417296, 4852.484285240142, 4747.937387570676
7.957362974305253, 078, 4750.310201275442, 4876.494735109627, 4770.408424898806
7.88336152648805, 079, 4789.616432068939, 4918.7377226279505, 4809.989435904254
7.810572699897744, 080, 4828.823035105996, 4961.059029281947, 4849.790843280334
7.737439945040133, 081, 4868.769386313359, 5004.302625169106, 4890.680463693773
7.665511313953168, 082, 4908.621673987141, 5047.519247866245, 4931.802310509823
7.594018606689225, 083, 4948.825556321653, 5091.125184006761, 4973.612864217701
7.522969441749222, 084, 4989.405711687478, 5135.020762727274, 5016.120788206736
7.453085391044166, 085, 5029.906267565037, 5178.691628840323, 5058.831174209444
7.382932351794869, 086, 5071.137502517009, 5222.974266497457, 5102.605350007334
7.313934161663276, 087, 5112.276315565589, 5266.846744313624, 5146.488695966274
7.2453826540711805, 088, 5153.793152276969, 5310.736085192157, 5190.671744525043
7.177283518384952, 089, 5195.78345799168, 5354.895945644199, 5234.926871684596
7.109642403212405, 090, 5238.277967950997, 5399.576952083522, 5279.247155419949
7.043111135784677, 091, 5280.831844512912, 5444.42883075014, 5323.263806786128
7.000000036560879, 092, 5308.807041761688, 5474.004964998471, 5352.039937613587
6.976389936219738, 093, 5324.263242267719, 5490.380711057041, 5367.89048234484
6.910766616444044, 094, 5367.740016908624, 5536.584952670329, 5412.303427086259
6.845598665859808, 095, 5411.695479824897, 5583.5293463129, 5456.973627282806
6.780890138916468, 096, 5456.1461134244755, 5631.290103459876, 5501.950612507183
6.71664481703821, 097, 5501.102541993141, 5679.978555895289, 5547.3278238381245
6.652866018254551, 098, 5546.541018422122, 5729.708991922458, 5593.345033685302
6.589556807163865, 099, 5592.37642328946, 5780.256319264147, 5640.442934941132
6.527286430999764, 100, 5638.111585378604, 5830.567304739413, 5688.238297331301
6.464914919349528, 101, 5684.59869321859, 5881.242997749801, 5737.336796269
6.403568572092624, 102, 5731.018603605352, 5931.299003285443, 5786.556366033293
6.342683033303487, 103, 5777.794605910189, 5981.224365952945, 5836.077459361514
6.281730161200075, 104, 5825.355575505287, 6031.566890887072, 5886.094920599619
6.221780934217616, 105, 5872.894923965298, 6081.681849017397, 5935.509443738342
6.162297673718384, 106, 5920.879060182938, 6132.394249204956, 5984.634972886902
6.103281750583045, 107, 5969.350255794645, 6184.135564515241, 6033.533358713469
6.044734099380694, 108, 6018.319948644884, 6237.354420086364, 6082.641529548014
5.999860053326261, 109, 6056.447877938528, 6279.315968369536, 6121.307179208612
5.98665553343617, 110, 6067.762507094488, 6291.789528953581, 6132.896833817809
5.928566521639082, 111, 6118.044759190705, 6347.093475984268, 6184.983572964019
5.8714354735887975, 112, 6168.306535136317, 6401.929422510045, 6237.841411722185
5.814774460195411, 113, 6218.935879935079, 6456.436080030306, 6291.6858728196285
5.758583449302941, 114, 6269.814519746791, 6510.2569407455985, 6345.792073524167
5.702862141673826, 115, 6320.898173719268, 6564.239289629533, 6399.028620928017
5.647610208554671, 116, 6372.376444172105, 6619.505369430193, 6451.606687395508
5.592827008794514, 117, 6424.460710811164, 6676.596393353542, 6504.224859435366
5.538511880839504, 118, 6477.25497395166, 6735.358811157141, 6558.205717226909
5.484663808742741, 119, 6530.557588234469, 6794.255513087235, 6614.322425278537
5.430868198723511, 120, 6584.453667321831, 6852.488133678032, 6672.050761262562
5.377957781317422, 121, 6638.028748146565, 6909.462120037621, 6728.856570172087
5.325510794142546, 122, 6691.948852698154, 6966.978931106891, 6784.551190893252
5.273132184253556, 123, 6746.863784505943, 7026.659060127195, 6839.977717397726
5.221226840161327, 124, 6802.502613156727, 7088.526651355228, 6896.327036707627
5.1701734177364544, 125, 6858.246444088352, 7150.513049701255, 6954.461066151642
5.119202070931737, 126, 6914.715361449808, 7212.235969872848, 7014.709438318578
5.068697707931097, 127, 6971.245415329083, 7272.490240051904, 7075.367252188177
5.0186578818035015, 128, 7027.930318892479, 7332.365455091844, 7134.304187665007
4.999880045822979, 129, 7049.474611288725, 7355.492900150678, 7156.149246504363
4.969080173895263, 130, 7085.168715374428, 7394.462949146311, 7192.147527577613
4.919611717993105, 131, 7143.430499860293, 7459.3209551759055, 7251.57594044462
4.870956396801408, 132, 7201.812724551, 7524.47742806075, 7312.930955681968
4.822416305431379, 133, 7260.979881385706, 7588.749001769902, 7376.9573907415415
4.774338854657169, 134, 7320.406126860762, 7651.339513924072, 7439.150003444223
4.726720926719535, 135, 7379.94811458175, 7716.9092776708285, 7499.499536445889
4.679559304224202, 136, 7439.537284473238, 7785.213164025739, 7562.285354718824
4.632850819802873, 137, 7500.393591572541, 7850.726363105445, 7627.541765296998
4.586280112443143, 138, 7562.58642843015, 7915.607305234482, 7690.303837190047
4.54016624353114, 139, 7623.789097109566, 7984.641304869357, 7752.213521966107
4.494505524024739, 140, 7686.144328326035, 8053.637284703096, 7818.5184199994765
4.4489974250613, 141, 7750.876799241484, 8119.977947744421, 7884.0223519692
4.404236945577865, 142, 7813.8244245212745, 8189.22643718251, 7946.258803319286
4.3596312854293, 143, 7879.077206521671, 8261.147541202867, 8013.271784006188
4.315473355653073, 144, 7945.890233059203, 8330.235983597953, 8080.174760752059
4.271481320869195, 145, 8010.505770368557, 8404.459983958024, 8147.256699865137
4.227938128753549, 146, 8077.42905298551, 8478.61793550935, 8219.104033641705
4.1848395552631885, 147, 8142.7473718000365, 8550.239221706315, 8287.686185284034
4.14218132255392, 148, 8208.833401483302, 8626.634334863817, 8358.558057289392
4.099699124158415, 149, 8275.34460218236, 8698.340977802694, 8429.754014959297
4.057657305733229, 150, 8342.311258875854, 8774.648219268598, 8501.411720151596
4.0160514018076805, 151, 8409.806172341092, 8847.842752431185, 8572.336628714207
4.000000006679482, 152, 8436.311672493428, 8878.644838997647, 8600.73599250559
3.974629405374201, 153, 8480.520955879067, 8924.484103606603, 8646.375347734325
3.9333991524319156, 154, 8548.43119191224, 9002.79399441521, 8719.31703951035
3.8928466612201618, 155, 8619.00117073347, 9078.445858012004, 8793.208035615493
3.852484490171819, 156, 8689.192015103135, 9157.949459293794, 8867.982916684576
3.8123195479630896, 157, 8758.618151394845, 9236.589539286331, 8942.106507777067
3.772814078053333, 158, 8831.651115546809, 9314.099074489357, 9018.153712011503
3.7332797156013235, 159, 8903.338846080955, 9397.644968099063, 9094.817510259967
3.655493504732485, 161, 9050.153727834499, 9561.777841534229, 9250.47410927316
3.61723153401448, 162, 9122.003883935306, 9643.41976098748, 9327.535585878017
3.5791739248548424, 163, 9197.2153969905, 9725.289490093737, 9406.425175953751
3.5413260741820984, 164, 9273.627760909283, 9809.631577131344, 9487.193239762233
3.503895894202426, 165, 9348.117239770329, 9896.351001415009, 9568.020037164395
3.4666785850358286, 166, 9424.270459983201, 9980.867321354028, 9648.276876180698
3.4298750965946425, 167, 9501.388642195645, 10068.801391268484, 9731.440928804166
3.393287084277924, 168, 9577.612906928658, 10154.69441915006, 9811.686304498422
3.357108641500875, 169, 9657.50799917361, 10241.470205167709, 9896.556220904991
3.321147729169966, 170, 9735.684080372073, 10331.823722913172, 9980.933829211797
3.2854081853540587, 171, 9814.585987212862, 10421.53598942751, 10065.475950773602
3.250074407219736, 172, 9894.339571320406, 10511.441556316415, 10150.28165043715
3.215140790970234, 173, 9975.793152103599, 10600.626482308522, 10236.175610391647
3.1802525194652693, 174, 10057.724264836525, 10693.733272304142, 10324.331754201785
3.145765102912449, 175, 10138.505948121325, 10786.579661084463, 10410.680877152106
3.1116730595845095, 176, 10222.200901841088, 10878.709651873523, 10499.742332353766
3.077638241392906, 177, 10305.548221130004, 10975.629801278552, 10590.253700300813
3.043998718981751, 178, 10387.432646716452, 11070.051428750534, 10677.862379793816
3.010748833528303, 179, 10473.461120538579, 11163.786830033543, 10769.684391556659
2.97756655410871, 181, 10557.636943686824, 11263.092173130402, 10860.749616503394
2.9447732057096827, 182, 10644.8190192926, 11358.271882827965, 10954.331314238052
2.9122100216860836, 183, 10731.981909715962, 11460.961415821486, 11047.263028552454
2.8800294955861765, 184, 10816.928158800893, 11558.20914129478, 11140.214067742378
2.8479298236195376, 185, 10907.001955283178, 11658.605904770791, 11236.306933117108
2.816211265496763, 186, 10993.43885252324, 11760.815915255465, 11330.57356699941
2.7847248808597835, 187, 11083.060559662088, 11861.595664076027, 11427.72517007253
2.7534719760395507, 188, 11175.548845160083, 11965.472725372563, 11525.426433544648
2.722592417988054, 189, 11265.41277885855, 12070.04774026543, 11622.377756852597
2.6918078976017705, 190, 11355.702432673204, 12175.380194229809, 11721.013559919344
2.661394282861764, 191, 11446.89852414842, 12280.820562197334, 11820.67684697405
2.631213932528748, 192, 11540.413464810557, 12386.93071424088, 11921.799062124133
2.6012676503942798, 193, 11635.028605192705, 12494.285017972363, 12023.011621709842
2.571556139268142, 194, 11729.967908929975, 12603.122446360583, 12124.480133239922
2.5420799126111633, 195, 11824.43039407673, 12713.436126208846, 12225.968940230821
2.5128394517051826, 196, 11919.593126489472, 12824.461974542999, 12329.14801654749
2.483835026510281, 197, 12015.476883630532, 12936.433027727113, 12434.1698132433
2.455066881070166, 198, 12113.874639608608, 13049.372025367746, 12541.271439054291
2.4266525101859453, 199, 12213.673919437813, 13162.012731984192, 12647.29796534295
2.3983552146551053, 200, 12313.748072531465, 13275.283432227046, 12752.610606202335
2.3702942289652666, 201, 12413.190054445937, 13391.298272974658, 12860.142885026164
2.3424694218421918, 202, 12515.468474620924, 13509.497510446872, 12968.799319403837
2.3148805037565943, 203, 12618.711935968586, 13629.367014575735, 13078.881206895365
2.2875271455686144, 204, 12721.655162836918, 13750.969865285102, 13190.259907557174
2.2604088677204306, 205, 12823.802670175266, 13874.087037853214, 13303.971714640455
2.233525212317539, 206, 12928.180119617338, 13993.90275454157, 13418.245016280567
2.2068755492458036, 207, 13031.994281444593, 14119.120998566927, 13533.962816854797
2.1804592737931814, 208, 13135.237917167657, 14240.939031136812, 13649.782730966293
2.1541761298233366, 209, 13242.890997311019, 14366.772924968638, 13768.164995499492
2.1281281391964693, 210, 13346.85549194964, 14493.050837954122, 13887.882688239935
2.1024105931358545, 211, 13452.635926028739, 14619.7992527595, 14007.38918936046
2.076733748925776, 212, 13560.15638207157, 14746.205495976383, 14129.346003313967
2.0581039917763015, 213, 13641.656884672177, 14843.564549703913, 14220.735800445058
2.0395136962585307, 214, 13716.96206541193, 14934.189963928291, 14305.914240466582
2.0211480505263575, 215, 13799.044736788523, 15028.814589858055, 14397.386865986775
2.012048196338084, 216, 13837.701949553431, 15079.535605024183, 14445.153863216517
2.003003004441382, 217, 13877.135245694375, 15127.216013974255, 14490.534433124365
1.9940119926629243, 218, 13919.226604501024, 15172.490554686594, 14534.417009255772
